
Wavelength = 0.9764Å
8.064317	0.0	0.0	0.0	0.0	0.0	0.0	0.0	0.0	0.0
8.092502	0.77	0.0	0.73	0.0	0.0	0.0	0.0	0.0	0.0
8.120687	0.93	0.0	1.57	0.0	0.0	0.0	0.91	0.0	0.0
8.148871	0.79	0.0	1.7	0.0	0.0	0.0	0.83	0.22	0.0
8.177056	0.83	0.0	2.02	0.0	0.0	0.25	0.87	0.36	0.0
8.205242	2.32	1.47	3.13	1.71	1.49	2.43	2.33	1.76	0.98
8.233427	4.47	2.62	3.68	3.29	2.54	3.57	3.98	3.18	1.99
8.261612	5.04	2.39	3.83	2.79	2.06	4.28	4.15	2.91	2.65
8.289797	5.28	2.02	3.19	2.65	1.54	4.89	3.48	2.51	2.31
8.317982	5.07	2.71	3.37	1.92	1.13	4.03	2.89	2.04	0.83
8.346167	4.6	3.35	3.59	2.38	1.51	3.83	3.19	2.3	0.49
8.374352	4.49	3.39	3.83	2.92	1.96	3.77	4.07	3.03	1.44
8.402536	4.22	3.68	3.42	2.22	1.47	3.9	4.36	3.37	1.74
8.430721	4.42	4.01	3.12	1.73	1.14	3.94	3.83	3.27	1.66
8.458907	5.12	4.09	3.12	1.42	1.49	4.02	3.7	2.75	2.32
8.487092	5.45	4.53	4.09	1.95	2.33	5.07	3.89	3.44	3.08
8.515277	5.66	5.3	5.28	3.71	2.96	6.06	4.47	5.3	3.61
8.543462	5.53	5.45	5.5	4.19	3.14	5.45	5.06	5.37	3.16
8.571647	5.08	4.65	5.17	3.29	2.74	4.23	4.69	3.98	2.01
8.599832	4.51	3.69	4.27	2.37	2.06	3.54	3.82	3.55	1.47
8.628016	4.01	3.38	3.41	1.46	1.46	2.96	2.92	3.87	0.77
8.656201	3.71	3.36	3.24	1.35	1.34	2.46	2.36	4.09	0.67
8.684387	3.18	3.35	3.39	1.45	0.92	2.8	1.4	3.76	0.8
8.712572	2.79	3.07	3.18	1.55	0.56	3.94	1.18	3.24	0.64
8.740757	2.52	2.38	2.69	1.39	0.68	4.46	1.92	2.49	0.2
8.768942	2.74	1.96	2.53	1.08	0.87	4.58	2.39	2.07	0.0
8.797127	3.28	2.19	3.33	1.03	1.0	4.44	2.54	2.45	0.39
8.825312	4.1	3.17	4.28	1.97	2.18	5.26	3.26	3.3	1.03
8.853497	4.08	3.9	3.91	2.81	2.18	5.58	3.86	3.26	0.95
8.881681	4.1	4.36	4.28	2.75	2.24	4.94	3.91	2.82	0.97
8.909866	4.16	4.35	4.26	2.37	2.32	4.69	3.73	2.56	0.24
8.938052	4.64	4.11	4.45	2.47	2.33	5.13	4.04	2.65	0.41
8.966237	4.87	4.16	5.14	2.64	2.1	5.19	4.44	2.26	0.7
8.994422	4.74	3.71	4.86	1.86	1.78	4.36	4.81	1.82	0.53
9.022607	3.99	3.79	4.27	1.48	1.21	4.32	4.47	1.68	0.59
9.050792	3.7	3.7	3.76	1.64	0.54	4.44	3.95	1.86	1.19
9.078977	3.65	3.12	3.51	1.07	0.46	3.72	2.99	2.27	1.47
9.107162	3.79	3.92	3.55	0.94	0.94	3.81	3.2	2.16	1.43
9.135346	3.56	3.66	3.16	0.33	0.53	4.43	3.05	1.47	0.16
9.163531	4.08	3.79	3.01	0.54	0.59	4.89	3.68	1.6	0.57
9.191717	3.62	4.2	3.19	1.19	1.48	5.38	4.07	2.3	1.67
9.219902	2.88	5.59	4.13	1.33	2.05	5.32	4.62	3.19	2.39
9.248087	2.2	4.87	4.47	1.25	1.16	4.17	4.37	1.97	1.55
9.276272	2.97	4.52	4.52	2.13	1.26	3.57	3.55	1.83	1.14
9.304457	3.14	3.6	3.5	2.32	0.86	3.77	3.23	2.26	0.27
9.332642	3.27	3.49	2.51	1.41	0.23	3.55	3.91	2.19	0.15
9.360826	3.39	3.12	2.28	0.72	0.0	1.86	3.04	1.51	0.2
9.389011	3.18	3.24	2.16	0.35	0.0	1.29	2.56	1.29	0.17
9.417197	2.45	3.31	1.99	0.0	0.0	1.84	2.9	1.06	0.0
9.445382	2.04	2.51	1.87	0.0	0.0	2.62	2.38	1.16	0.0
9.473567	2.37	1.71	1.29	0.04	0.0	3.23	2.17	0.74	0.0
9.501752	2.63	1.58	1.25	0.0	0.0	3.09	2.63	0.34	0.0
9.529937	1.34	1.41	1.11	0.0	0.0	2.36	2.05	0.0	0.0
9.558122	0.21	1.54	1.31	0.0	0.0	1.73	1.29	0.0	0.0
9.586307	0.14	1.93	2.03	0.0	0.0	1.58	0.93	0.49	0.0
9.614491	1.32	2.43	2.32	0.0	0.0	1.81	1.18	0.85	0.0
9.642676	2.13	2.94	1.84	0.0	0.0	1.84	1.32	0.63	0.0
9.670862	2.19	2.93	1.25	0.0	0.11	1.76	1.55	0.7	0.0
9.699047	1.68	2.7	0.95	0.54	0.37	2.07	2.09	1.06	0.0
9.727232	1.12	2.71	1.32	0.33	0.54	2.54	2.49	1.58	0.0
9.755417	1.62	2.89	2.15	0.1	0.56	3.08	3.06	2.07	0.0
9.783602	3.35	3.27	3.24	0.73	0.89	3.74	3.73	2.49	0.0
9.811787	5.79	4.6	5.34	3.23	4.02	5.02	5.96	4.43	1.02
9.839972	9.84	7.4	11.28	9.59	11.17	8.89	11.5	9.65	5.35
9.868156	13.13	9.43	16.26	15.37	16.51	12.6	16.75	14.52	9.22
9.896341	10.27	8.09	13.31	12.02	13.17	10.78	14.74	12.61	7.14
9.924527	4.94	5.03	6.94	4.37	5.89	6.13	8.38	6.77	1.96
9.952712	2.16	2.37	3.07	0.0	1.48	3.26	3.96	2.13	0.0
9.980897	1.82	0.92	1.58	0.0	0.0	2.45	2.11	0.23	0.0
10.00908	1.85	0.79	1.36	0.0	0.0	2.05	1.62	0.36	0.0
10.03727	1.62	0.89	0.7	0.0	0.0	0.9	1.18	0.62	0.0
10.06545	1.9	0.7	0.29	0.0	0.0	0.38	1.02	0.64	0.0
10.09364	1.66	0.2	0.57	0.0	0.0	0.26	1.2	0.01	0.0
10.12182	1.09	0.38	0.91	0.0	0.0	0.0	0.94	0.0	0.0
10.15001	0.58	1.1	0.76	0.0	0.0	0.54	0.88	0.0	0.0
10.17819	0.92	2.16	1.37	0.0	0.0	1.72	0.57	0.0	0.0
10.20638	1.38	2.88	2.09	0.0	0.0	1.82	1.46	0.0	0.0
10.23456	1.41	2.7	2.11	0.0	0.0	1.75	2.19	0.0	0.0
10.26275	1.31	2.3	2.21	0.61	0.0	1.79	2.53	0.7	0.0
10.29093	2.0	2.18	2.9	1.09	0.0	1.95	2.49	1.94	0.0
10.31912	2.14	1.9	2.57	1.12	0.0	2.18	2.54	2.83	0.12
10.3473	2.97	1.93	2.84	1.45	1.3	2.99	2.95	3.48	1.17
10.37549	4.34	2.78	3.7	2.58	2.16	4.56	2.9	4.55	2.0
10.40367	5.13	3.83	5.5	4.75	3.49	6.19	4.18	6.86	3.47
10.43186	8.78	5.49	9.22	8.51	8.25	8.32	8.29	9.63	7.7
10.46004	16.4	11.03	16.07	15.25	14.57	12.72	14.12	15.03	14.35
10.48823	25.84	21.11	25.97	22.08	19.4	18.92	19.31	21.88	21.36
10.51641	26.51	26.2	27.13	21.77	18.9	21.14	20.26	23.16	21.36
10.5446	16.68	17.79	17.54	13.78	12.53	15.97	15.04	16.57	14.54
10.57278	9.13	9.92	9.97	7.98	6.68	10.64	9.65	10.31	8.54
10.60097	6.43	7.49	7.13	5.37	4.16	7.73	6.44	6.47	5.1
10.62915	4.97	6.47	6.71	3.62	4.34	5.86	5.32	4.71	3.38
10.65734	4.07	5.8	6.05	2.96	4.2	5.2	4.89	5.35	2.18
10.68552	3.7	5.75	5.07	3.06	3.35	5.49	4.86	5.68	1.73
10.71371	3.84	5.58	4.78	2.96	3.19	5.69	4.93	5.59	1.98
10.74189	3.94	5.65	4.87	2.74	3.21	5.54	4.96	5.35	1.65
10.77008	3.8	5.62	5.04	2.87	2.54	5.88	4.55	5.56	0.87
10.79826	3.72	5.37	5.48	2.89	2.63	6.05	4.81	6.04	0.85
10.82645	3.47	5.58	5.84	3.16	3.07	6.25	4.85	6.09	1.31
10.85463	3.25	5.31	5.65	3.28	3.07	6.88	4.87	5.58	1.33
10.88282	3.9	5.28	5.65	3.31	2.91	7.36	5.06	5.4	1.2
10.911	4.77	5.77	6.16	3.29	2.53	7.57	5.4	5.48	1.44
10.93919	5.09	6.21	6.18	3.7	2.84	7.54	5.64	5.96	2.48
10.96737	5.61	7.0	6.31	4.79	3.85	7.72	6.69	7.01	3.64
10.99556	6.06	7.47	6.86	5.16	4.42	8.13	7.35	7.77	3.77
11.02374	6.14	7.63	7.1	5.45	4.64	8.47	7.61	8.24	3.61
11.05193	6.54	7.84	7.3	6.54	4.86	8.41	7.93	8.03	3.82
11.08011	6.86	8.38	7.29	6.77	5.13	8.43	8.05	7.28	4.49
11.1083	6.64	8.53	7.48	6.52	5.16	8.93	8.91	7.07	4.83
11.13648	6.09	8.09	8.24	6.52	5.6	9.26	9.2	7.8	4.07
11.16467	6.43	8.4	8.56	6.12	6.12	9.54	8.88	8.09	3.92
11.19285	6.68	9.19	8.46	5.67	6.53	9.57	8.24	7.58	4.52
11.22104	5.89	8.88	7.89	5.22	6.53	9.76	7.68	7.13	4.89
11.24922	5.32	8.56	8.25	5.51	6.0	9.97	8.01	7.64	4.82
11.27741	5.04	9.04	8.94	5.91	6.27	10.07	8.08	8.09	4.61
11.30559	5.52	9.33	9.32	6.36	6.15	9.84	8.49	7.95	4.27
11.33378	6.41	8.94	9.7	6.64	5.79	9.8	9.19	8.15	4.57
11.36196	6.31	10.02	10.37	7.31	6.98	9.54	9.27	9.14	5.3
11.39015	6.67	10.51	10.48	7.44	6.98	9.45	9.66	10.5	5.65
11.41833	6.42	10.79	9.7	7.44	6.91	10.15	9.44	11.4	5.61
11.44652	6.76	11.49	10.09	8.62	7.39	11.11	8.85	11.39	6.44
11.4747	7.96	12.0	11.63	9.31	8.5	12.14	9.93	11.28	8.14
11.50289	10.23	13.75	12.7	10.54	11.15	13.71	12.07	12.34	10.0
11.53107	13.59	17.43	15.02	13.16	13.65	16.02	15.22	15.2	12.41
11.55926	14.14	20.06	16.36	13.88	13.11	18.53	16.47	16.49	12.77
11.58744	12.22	22.49	15.01	12.19	11.23	21.1	15.48	15.22	10.59
11.61563	13.93	32.03	17.31	11.54	9.14	29.72	17.76	16.25	9.42
11.64381	16.74	42.51	21.18	11.31	8.87	39.5	22.78	17.72	9.91
11.672	13.84	36.54	19.02	9.56	8.35	34.45	21.68	16.38	8.23
11.70018	8.95	22.75	13.37	8.08	7.51	21.84	15.86	12.84	5.62
11.72837	6.95	14.92	9.83	7.12	6.13	15.79	11.98	10.18	4.39
11.75655	6.14	11.71	8.63	6.55	5.65	13.26	10.88	10.26	4.16
11.78474	5.7	10.58	8.1	5.99	5.57	12.22	10.34	9.84	3.95
11.81292	5.86	9.72	7.76	5.92	5.53	10.97	9.92	9.5	3.61
11.84111	6.18	8.81	7.22	6.01	4.96	10.56	10.1	9.64	3.93
11.86929	5.91	8.53	7.5	6.25	5.07	10.83	9.71	9.17	3.79
11.89748	5.16	8.0	7.88	6.09	5.77	11.22	9.42	8.95	3.8
11.92566	4.4	7.65	7.58	5.56	5.76	10.89	9.23	9.05	4.26
11.95385	4.08	7.41	7.03	5.47	5.19	10.3	9.46	8.71	3.96
11.98203	4.3	7.52	6.64	5.15	4.5	9.16	8.88	7.98	3.06
12.01022	4.56	7.57	6.78	4.96	4.67	8.1	7.97	7.77	3.05
12.0384	4.36	7.21	7.01	4.82	5.47	7.63	7.05	8.13	3.34
12.06659	3.91	7.27	7.18	4.41	5.75	7.18	6.32	8.02	3.35
12.09477	4.03	7.4	7.61	5.01	5.96	7.43	6.94	8.42	4.0
12.12296	4.67	7.45	8.03	5.98	6.72	7.82	7.94	8.68	5.11
12.15114	5.17	6.97	8.04	5.9	7.6	8.06	8.15	8.65	5.61
12.17933	5.08	6.21	7.77	5.83	8.15	8.42	7.65	9.57	5.4
12.20751	4.93	6.37	7.49	6.42	7.77	8.48	7.73	10.07	5.33
12.2357	4.73	6.99	7.71	6.37	7.95	8.8	8.67	9.41	5.83
12.26388	4.69	7.11	7.93	5.94	9.36	8.94	9.34	9.49	6.35
12.29207	5.02	6.33	8.21	6.1	10.56	8.76	9.64	9.94	6.92
12.32025	5.29	6.18	8.85	6.68	10.33	8.62	10.07	10.18	7.86
12.34844	5.59	6.92	9.1	7.03	10.03	9.17	10.67	10.31	8.29
12.37662	5.92	7.66	8.61	7.52	10.67	10.05	10.51	10.36	8.39
12.40481	5.68	8.28	8.53	7.74	11.49	9.77	9.48	10.47	9.02
12.43299	6.0	8.44	8.62	7.65	11.56	8.62	9.24	10.57	9.27
12.46118	7.59	8.31	8.94	8.28	11.53	7.98	9.96	11.62	9.8
12.48936	8.65	7.41	9.28	8.92	11.83	8.47	10.82	12.92	11.34
12.51755	9.98	6.99	10.15	10.21	13.26	10.08	11.39	13.49	12.42
12.54573	11.94	8.79	11.93	12.16	14.99	11.83	12.32	15.51	13.24
12.57392	14.84	11.75	14.25	14.06	16.44	12.65	13.02	17.45	15.67
12.6021	19.49	14.53	18.46	17.08	18.59	14.02	14.46	19.4	20.13
12.63029	24.7	17.22	23.39	20.14	19.91	15.16	17.56	20.58	22.85
12.65847	25.38	17.67	24.03	20.3	18.83	14.89	17.57	19.95	21.76
12.68666	20.63	14.97	19.19	17.42	16.07	13.78	15.29	17.81	18.45
12.71484	14.12	10.92	14.18	13.52	12.34	12.34	13.31	15.64	14.69
12.74303	11.13	8.57	11.68	11.08	11.82	11.36	11.88	14.86	12.47
12.77121	9.87	7.63	11.22	9.78	12.21	9.96	11.29	14.53	10.82
12.7994	10.33	7.37	11.35	10.11	11.19	8.73	11.72	14.32	10.83
12.82758	12.16	8.42	13.21	11.93	12.43	10.66	13.28	14.6	11.87
12.85577	15.53	10.17	16.32	12.95	15.07	12.05	13.88	15.11	13.31
12.88395	18.77	13.04	17.77	14.07	16.04	12.44	14.14	15.64	14.27
12.91214	18.43	13.22	17.29	13.53	15.58	11.57	13.83	16.45	13.19
12.94032	14.84	11.93	14.41	11.59	13.17	10.47	12.5	15.06	11.21
12.96851	10.95	11.35	11.24	9.79	11.14	10.87	10.99	12.74	9.1
12.99669	9.65	10.12	9.98	8.88	10.03	10.25	9.95	11.63	7.94
13.02488	9.74	8.75	10.9	8.01	9.82	9.31	10.06	11.95	7.47
13.05306	9.26	7.95	10.68	7.13	8.55	9.37	9.83	12.53	7.29
13.08125	8.65	8.23	9.71	7.65	8.37	9.55	9.89	12.01	7.11
13.10943	8.97	8.13	9.43	8.37	9.52	9.15	10.16	12.0	7.61
13.13762	9.13	8.63	9.33	7.77	9.88	8.84	10.2	12.84	7.65
13.1658	8.97	9.3	9.22	6.62	9.28	8.98	9.77	13.02	7.48
13.19399	9.59	8.34	8.9	5.92	8.55	9.66	10.06	12.27	7.63
13.22217	9.64	7.59	9.24	6.28	7.79	9.36	9.79	12.69	7.1
13.25036	8.88	8.32	9.75	7.07	7.13	8.83	9.19	12.72	6.35
13.27854	8.26	8.99	9.91	7.29	7.99	9.6	9.48	13.29	6.29
13.30673	8.78	8.56	10.4	7.25	9.09	10.22	10.55	14.28	6.56
13.33491	9.77	8.27	11.08	7.71	9.01	10.55	10.98	14.23	6.94
13.3631	10.18	8.65	11.79	7.75	8.14	11.07	10.2	13.86	7.58
13.39128	10.66	9.54	12.51	8.18	7.68	11.35	9.46	12.98	7.63
13.41947	11.24	9.95	12.27	8.89	8.49	11.65	9.77	12.75	7.18
13.44765	11.56	9.53	11.97	8.87	9.96	12.21	10.71	13.56	7.6
13.47584	12.26	10.14	12.45	8.69	11.38	13.1	10.98	14.34	8.09
13.50402	12.71	11.24	12.52	8.91	11.4	13.75	11.03	14.86	8.36
13.53221	12.35	11.23	12.16	9.27	10.92	13.13	11.58	15.09	8.38
13.56039	12.31	10.53	12.19	9.67	10.75	12.73	12.78	14.78	8.07
13.58858	12.71	10.11	12.55	9.86	10.68	12.67	13.35	14.71	7.68
13.61676	13.48	10.01	12.92	10.1	10.83	12.72	13.51	14.75	7.96
13.64495	14.25	9.93	13.46	10.28	10.92	13.78	13.43	14.51	8.79
13.67313	14.28	10.36	13.82	9.99	11.75	14.63	13.19	14.51	9.13
13.70132	13.62	11.43	13.52	9.49	12.55	14.42	12.76	14.62	8.52
13.7295	12.69	11.87	12.51	9.14	12.51	13.54	12.36	14.12	8.03
13.75769	12.8	11.61	12.05	9.17	12.55	12.88	12.76	14.08	9.11
13.78587	13.73	10.91	12.27	10.16	12.25	13.04	13.36	14.66	9.88
13.81406	13.88	11.01	12.59	10.45	11.48	13.64	13.04	15.15	9.57
13.84224	13.58	11.98	12.17	9.58	11.78	13.77	13.02	15.59	9.24
13.87043	14.09	13.2	13.03	9.69	11.79	13.88	13.8	16.12	9.63
13.89861	13.9	13.44	14.22	10.15	11.99	14.18	14.19	15.8	10.04
13.9268	13.4	13.24	14.02	10.14	12.25	13.68	13.33	15.56	9.77
13.95498	12.75	12.87	13.66	10.16	12.53	13.25	13.36	15.86	9.51
13.98317	12.47	12.97	13.07	10.18	12.42	13.78	13.88	16.03	9.83
14.01135	12.82	11.98	13.12	10.29	12.08	13.6	12.61	15.57	10.22
14.03954	14.06	10.81	12.51	10.13	12.15	13.48	11.67	15.24	10.32
14.06772	14.55	11.32	12.56	9.82	11.47	12.94	12.28	15.41	10.24
14.09591	14.97	12.56	13.44	9.56	10.99	13.27	13.53	15.02	10.09
14.12409	15.29	12.97	13.89	9.67	11.44	13.41	12.91	15.9	9.76
14.15228	15.31	12.6	12.82	10.02	11.64	13.39	12.47	17.12	9.12
14.18046	15.17	11.4	11.76	9.72	11.62	14.13	12.93	16.51	9.1
14.20865	14.98	10.89	12.84	9.88	10.99	13.83	12.94	14.78	9.65
14.23683	14.11	10.62	13.71	9.36	10.06	12.97	12.01	14.33	8.58
14.26502	14.4	9.8	13.87	8.66	9.83	12.56	11.75	14.03	7.51
14.2932	14.2	10.58	12.61	8.13	9.65	12.17	11.44	13.55	7.47
14.32139	14.08	11.63	11.6	8.34	9.22	12.29	11.12	13.41	7.58
14.34957	13.83	10.94	11.09	7.57	9.0	12.76	10.28	13.19	7.28
14.37776	14.1	10.8	10.86	7.42	10.34	13.24	10.21	14.05	7.27
14.40594	13.59	11.03	10.17	7.91	10.94	13.45	11.31	14.17	7.24
14.43413	13.73	11.18	11.1	8.3	8.99	13.46	11.54	14.44	7.47
14.46231	13.88	10.95	12.01	7.99	7.74	13.15	10.51	14.87	6.92
14.4905	12.78	9.72	11.8	7.82	7.85	12.41	10.18	13.9	5.73
14.51868	11.62	9.1	11.24	8.37	8.28	11.91	10.41	12.96	5.88
14.54687	11.29	10.16	10.45	7.54	8.27	11.65	10.68	12.9	6.39
14.57505	12.74	11.65	10.1	6.53	7.66	12.29	10.84	12.81	6.38
14.60324	13.99	13.79	10.99	6.74	7.28	14.0	10.66	12.63	6.45
14.63142	14.15	15.21	12.07	7.19	7.27	15.23	10.73	12.08	6.24
14.65961	12.84	12.41	11.13	6.56	6.74	13.36	11.01	11.37	5.65
14.68779	11.07	8.49	9.36	5.68	7.28	10.72	9.81	10.12	5.52
14.71598	9.65	6.49	8.52	5.16	8.33	9.0	8.19	9.43	6.05
14.74416	9.01	5.83	8.36	5.57	8.14	7.78	8.04	9.93	6.48
14.77235	8.68	5.94	7.79	6.62	7.98	7.45	8.36	10.13	6.53
14.80053	8.72	5.34	6.8	6.46	8.31	7.23	8.47	9.73	6.6
14.82872	8.7	4.36	5.83	5.49	8.87	6.65	8.76	9.96	7.23
14.8569	8.71	3.94	6.1	5.68	9.97	6.56	9.26	11.3	7.66
14.88509	9.07	3.99	6.79	6.43	10.92	7.24	9.7	12.71	7.55
14.91327	9.47	4.07	7.11	7.19	11.59	7.65	10.49	12.74	7.9
14.94146	9.31	3.86	7.27	7.79	12.13	8.03	10.96	12.7	9.4
14.96964	9.54	3.92	7.52	8.08	12.98	8.64	11.03	13.61	11.57
14.99783	11.78	4.51	8.28	10.11	14.27	8.6	11.42	14.89	13.39
15.02601	14.93	5.23	10.98	13.26	16.12	8.83	12.8	16.88	15.54
15.0542	18.33	7.66	15.17	16.7	19.3	11.25	15.85	20.11	19.26
15.08238	25.41	13.85	22.1	22.28	24.54	16.77	20.08	24.84	24.98
15.11057	35.73	23.18	32.07	29.69	30.91	23.86	24.96	30.58	32.45
15.13875	41.96	30.87	38.86	34.36	34.83	28.67	28.69	33.74	36.74
15.16694	38.69	30.44	36.53	33.22	34.52	27.78	28.54	32.3	35.21
15.19512	30.06	22.84	28.67	28.54	32.0	22.99	26.15	29.33	31.13
15.22331	24.58	15.66	23.23	25.56	30.02	19.47	23.88	27.25	28.32
15.25149	25.69	14.12	23.22	27.3	30.3	19.38	23.37	27.47	28.57
15.27968	32.99	18.2	28.05	32.41	34.1	22.19	26.82	31.49	33.64
15.30786	45.33	27.73	39.54	40.94	39.81	28.17	33.93	38.92	42.17
15.33605	58.62	40.85	54.35	49.07	44.07	35.4	40.88	45.6	48.81
15.36423	61.19	47.47	58.49	48.74	44.21	38.42	42.19	46.91	48.83
15.39242	48.56	39.54	46.46	39.31	38.63	33.65	36.75	41.01	40.63
15.4206	32.48	26.25	30.85	28.44	29.97	25.24	28.96	31.52	29.62
15.44879	21.81	17.06	20.89	20.12	22.27	18.82	21.46	23.66	20.89
15.47697	15.78	11.89	14.64	14.78	17.02	15.28	15.11	18.87	15.26
15.50516	12.93	9.63	11.35	12.02	13.68	13.06	12.45	15.06	11.05
15.53334	10.67	8.51	10.77	10.5	11.49	12.13	11.72	13.3	9.23
15.56153	9.56	7.8	9.73	9.88	9.9	10.89	10.6	12.09	8.49
15.58971	8.86	7.18	8.55	8.98	9.15	10.46	9.36	11.06	6.9
15.6179	8.77	7.0	8.5	7.34	9.13	10.71	9.17	10.61	6.41
15.64608	7.73	7.65	8.75	6.33	7.51	9.58	8.8	10.48	6.05
15.67427	6.99	7.74	8.82	6.57	6.51	9.62	8.53	10.55	5.55
15.70245	6.95	6.99	8.75	6.55	6.71	9.22	8.6	10.84	4.97
15.73064	6.62	5.93	8.07	6.96	7.89	9.41	8.74	11.34	5.14
15.75882	7.32	6.78	8.83	7.94	9.51	9.98	9.09	11.42	5.97
15.78701	9.31	8.48	11.14	9.95	12.11	11.16	10.26	13.12	8.89
15.81519	13.84	11.53	15.42	14.79	17.82	13.88	14.25	17.13	14.68
15.84338	22.77	15.55	21.89	22.24	26.1	18.67	19.43	22.99	23.71
15.87156	31.11	20.18	27.5	29.12	33.44	22.51	25.1	28.97	33.12
15.89975	31.34	21.21	28.03	29.98	34.26	22.54	27.17	29.5	34.98
15.92793	23.44	18.36	22.58	23.95	27.19	19.71	23.45	24.51	26.86
15.95612	15.85	14.81	16.93	16.92	18.52	16.34	17.98	19.23	17.53
15.9843	12.66	13.23	14.72	13.17	13.82	14.82	14.93	16.75	12.95
16.01249	12.18	13.46	15.36	11.41	12.82	15.05	14.68	16.46	11.21
16.04067	12.73	14.87	15.8	11.07	13.29	16.54	15.33	17.78	11.03
16.06886	14.13	16.72	16.7	13.03	13.87	18.02	16.1	18.46	12.44
16.09704	15.56	17.84	17.94	15.03	14.34	19.45	16.93	18.37	13.99
16.12523	17.09	18.97	19.61	17.0	16.3	21.25	18.43	19.7	15.67
16.15341	18.6	20.61	21.6	19.18	19.16	23.38	20.63	22.1	17.58
16.1816	20.76	23.01	24.62	21.52	21.43	25.81	23.74	24.12	20.2
16.20978	23.87	26.16	27.37	24.94	23.98	28.34	26.45	26.39	23.81
16.23797	26.76	29.57	29.87	28.53	27.4	31.39	29.16	29.44	27.59
16.26615	29.98	32.73	33.27	32.2	31.41	35.38	32.66	33.04	31.04
16.29434	34.25	36.81	37.79	36.32	36.26	39.96	36.66	37.23	34.56
16.32252	39.07	42.01	42.92	41.31	40.9	44.79	41.77	42.5	38.75
16.35071	44.72	47.78	48.98	46.98	46.36	50.59	47.67	48.91	44.63
16.37889	51.55	54.39	56.18	53.35	53.64	57.97	54.18	55.65	52.11
16.40708	59.84	62.73	64.46	61.71	61.83	66.92	62.61	63.48	60.77
16.43526	69.77	73.27	73.93	71.6	71.26	77.1	73.15	72.7	70.92
16.46345	82.02	86.47	85.35	83.26	83.37	89.1	85.73	84.3	82.91
16.49163	96.83	102.87	100.12	98.28	98.12	104.38	100.92	98.9	97.24
16.51982	115.18	122.49	119.11	116.61	116.74	123.16	119.78	117.35	115.15
16.548	137.56	144.5	141.9	138.91	141.27	145.05	143.79	141.3	136.88
16.57619	164.91	169.88	169.79	167.17	173.3	170.81	174.27	172.22	163.83
16.60437	202.25	203.5	208.02	206.32	217.03	203.9	215.54	215.1	201.54
16.63256	255.48	251.46	262.4	262.01	278.04	248.47	273.91	276.01	254.17
16.66074	329.0	323.53	340.47	336.06	356.98	309.29	354.65	358.83	323.43
16.68893	407.96	417.46	432.39	412.64	438.32	380.79	449.51	452.86	395.72
16.71711	451.32	481.98	490.05	456.41	492.76	430.34	519.65	520.52	437.61
16.7453	440.97	470.4	481.2	450.73	498.81	427.21	527.34	527.12	431.25
16.77348	399.82	413.62	431.3	412.25	461.05	385.58	478.54	477.85	393.92
16.80167	348.69	354.27	370.57	359.64	399.34	335.4	405.81	404.15	345.61
16.82985	296.55	300.72	311.57	305.68	332.16	288.24	333.79	330.41	296.06
16.85804	248.43	251.91	258.6	255.28	271.39	245.37	271.16	268.39	249.48
16.88622	207.44	210.27	214.1	211.98	222.73	208.47	221.16	219.86	208.7
16.91441	173.54	176.5	177.99	177.57	185.36	177.46	182.71	182.09	175.0
16.94259	145.9	148.72	149.34	150.51	155.53	150.99	153.02	152.1	147.36
16.97078	122.73	125.72	125.68	127.64	130.27	128.26	129.05	127.27	123.96
16.99896	103.36	106.54	106.11	108.02	108.82	108.56	108.9	106.73	104.92
17.02715	87.61	90.5	90.28	91.42	91.79	92.85	91.89	90.43	89.64
17.05533	74.88	77.68	77.4	77.41	78.75	80.28	78.32	76.87	76.16
17.08352	64.37	67.54	67.14	66.31	67.38	69.47	67.58	66.73	64.78
17.1117	55.42	58.94	58.97	58.03	58.64	60.78	58.83	58.12	56.19
17.13989	48.22	51.64	51.79	50.4	51.88	53.88	51.36	51.1	49.04
17.16807	42.83	45.73	45.18	43.84	45.03	48.12	45.14	45.09	42.75
17.19626	37.79	42.0	39.72	37.62	39.27	44.22	40.24	39.27	37.33
17.22444	34.02	41.37	35.95	32.81	34.63	41.46	36.6	34.59	33.39
17.25263	31.0	42.06	32.99	29.81	30.51	40.42	33.84	31.1	30.16
17.28081	28.96	42.5	31.37	27.28	26.76	41.23	31.89	28.85	27.25
17.309	27.3	39.86	30.16	24.66	24.25	41.01	29.71	26.83	24.27
17.33718	24.2	33.84	27.12	21.5	22.88	36.58	26.77	25.39	22.17
17.36537	20.72	27.31	23.68	19.42	20.84	29.83	23.53	23.48	20.16
17.39355	18.28	22.75	20.91	18.37	18.52	24.44	20.39	20.92	17.63
17.42174	15.69	19.04	18.25	16.71	16.51	21.16	18.95	18.69	15.66
17.44992	12.68	15.01	14.82	14.36	13.96	17.83	17.42	16.52	12.91
17.47811	10.42	12.62	12.53	11.94	12.11	15.9	14.75	13.93	10.07
17.50629	8.43	11.72	10.98	9.94	11.15	14.28	12.28	11.78	8.22
17.53448	6.82	10.99	9.66	8.19	9.42	12.23	9.77	10.81	6.63
17.56266	5.7	9.87	8.93	6.97	8.08	10.91	8.74	9.83	5.44
17.59085	5.18	8.73	8.46	6.82	7.28	10.62	8.89	9.49	4.45
17.61903	4.89	7.74	8.17	6.63	7.29	9.61	8.51	9.09	3.8
17.64722	4.47	7.37	7.64	6.12	6.91	8.27	7.77	9.14	3.62
17.6754	4.27	7.78	7.21	5.62	6.88	8.08	7.81	8.35	4.0
17.70359	4.52	8.71	7.09	5.68	7.18	8.93	8.04	7.97	4.59
17.73177	5.5	10.77	7.42	6.65	8.06	10.92	8.55	8.97	5.36
17.75996	8.63	13.41	9.8	9.04	10.77	14.5	11.0	11.62	7.22
17.78814	13.52	16.42	14.14	13.24	15.37	18.26	15.13	15.4	11.53
17.81633	20.52	21.0	20.73	19.56	21.49	21.94	20.3	20.87	18.48
17.84451	28.51	29.13	29.27	26.17	26.2	26.35	25.41	27.28	25.66
17.8727	29.79	35.1	32.88	27.47	26.31	28.84	27.13	29.93	27.33
17.90088	21.71	29.68	25.79	21.64	21.37	24.7	23.32	25.42	21.77
17.92907	12.25	17.37	14.81	13.39	14.8	16.59	16.37	16.87	13.75
17.95725	6.32	9.31	7.68	8.13	9.99	10.7	10.83	10.15	7.56
17.98544	3.72	6.83	5.09	5.5	7.42	8.09	7.84	7.0	4.21
18.01362	3.12	6.69	4.95	4.02	6.91	7.45	6.97	6.46	3.66
18.04181	3.21	7.86	5.46	3.61	7.56	8.41	7.73	6.78	4.63
18.06999	4.06	9.87	5.98	4.12	8.16	10.62	8.73	7.41	6.13
18.09818	5.39	11.18	6.31	4.81	8.57	12.95	9.37	8.3	7.15
18.12636	5.81	10.23	6.1	5.36	9.15	13.37	9.5	8.72	7.62
18.15455	5.58	8.07	5.74	6.17	10.62	11.69	9.29	8.46	8.66
18.18273	5.27	6.14	6.03	7.26	13.07	9.43	9.48	8.58	10.56
18.21092	5.36	5.07	6.2	8.87	15.91	8.38	10.27	9.7	12.84
18.2391	6.69	5.07	6.31	10.28	19.25	8.88	11.35	11.62	15.13
18.26729	8.27	5.77	7.32	11.88	23.65	9.94	12.62	14.17	17.8
18.29547	9.68	7.18	8.9	14.36	28.8	11.44	14.45	16.87	21.07
18.32366	12.31	9.02	10.99	17.53	35.1	13.6	17.18	20.65	25.34
18.35184	16.69	11.31	14.49	22.67	43.01	16.65	21.15	26.9	31.76
18.38003	24.68	15.84	21.27	32.23	53.88	21.64	27.72	36.3	41.8
18.40821	40.66	26.09	34.81	49.34	72.46	31.3	40.45	51.0	59.52
18.4364	71.86	47.04	60.54	77.55	101.94	49.13	61.71	74.99	90.22
18.46458	123.0	88.05	104.6	116.7	136.78	78.85	91.72	108.64	133.83
18.49277	171.7	147.24	154.5	148.89	159.79	114.88	122.26	140.14	170.21
18.52095	169.93	175.69	164.43	145.68	152.88	129.73	129.72	144.96	166.7
18.54914	116.44	133.85	118.76	108.1	118.69	105.08	103.32	115.17	123.66
18.57732	63.59	70.88	65.21	68.12	81.86	65.07	66.08	75.76	78.73
18.60551	38.08	35.63	37.2	45.61	59.86	38.64	42.08	50.27	54.39
18.63369	30.51	23.05	28.11	37.29	50.65	27.99	32.8	39.7	46.07
18.66188	29.67	19.41	26.07	35.52	47.52	24.8	30.09	36.24	44.11
18.69006	30.2	18.27	25.82	36.04	46.79	24.07	29.19	35.47	44.49
18.71825	31.09	17.91	26.41	37.85	47.44	24.21	29.43	36.43	46.34
18.74643	33.44	18.61	28.62	40.68	49.87	25.13	31.52	38.46	49.02
18.77462	37.65	20.59	32.09	44.98	53.82	27.38	35.48	41.58	53.16
18.8028	44.66	24.87	37.98	52.0	59.66	31.6	41.0	46.79	60.52
18.83099	57.19	32.54	48.17	62.42	67.79	38.61	48.16	54.65	71.76
18.85917	76.78	44.56	64.19	77.71	78.82	48.61	58.47	65.7	87.74
18.88736	105.04	61.95	88.47	98.5	92.7	60.93	70.98	79.68	107.98
18.91554	141.38	86.09	120.27	121.24	106.38	74.45	83.52	93.26	128.5
18.94373	172.75	110.0	149.74	138.22	113.91	84.75	92.63	101.65	140.81
18.97191	177.58	118.13	157.58	138.35	109.89	87.1	94.1	98.82	136.24
19.0001	148.05	102.02	135.14	118.66	94.46	77.67	85.58	84.91	114.63
19.02828	102.21	71.87	96.19	89.47	73.28	59.44	69.08	66.81	85.97
19.05647	63.6	44.34	62.14	62.76	54.3	41.84	51.99	49.55	60.33
19.08465	39.37	27.6	40.55	43.25	40.32	29.65	38.98	37.27	42.09
19.11284	26.32	19.71	28.76	30.59	30.7	22.6	29.79	29.11	30.28
19.14102	18.71	15.57	22.0	23.31	23.71	19.48	23.52	22.84	23.02
19.16921	14.43	12.14	17.52	18.43	18.9	16.77	18.73	19.04	17.87
19.19739	11.49	10.35	14.28	15.08	15.76	13.41	15.84	16.61	13.64
19.22558	9.06	9.71	12.31	12.97	13.81	12.92	14.55	14.75	10.97
19.25376	7.98	9.51	10.56	11.42	12.71	12.75	13.16	13.27	9.83
19.28195	7.27	9.92	9.69	9.76	11.78	11.69	12.0	11.99	8.94
19.31013	6.76	9.14	9.32	8.97	10.5	10.42	11.4	10.98	7.64
19.33832	6.09	8.26	8.79	8.54	9.43	10.22	10.98	10.45	7.28
19.3665	6.19	7.83	8.88	9.27	9.11	10.4	10.52	10.57	7.48
19.39469	6.58	7.86	8.78	9.18	8.64	10.36	10.06	10.63	6.67
19.42287	5.64	7.38	8.13	8.29	8.04	9.88	9.56	10.19	5.82
19.45106	5.1	7.04	7.73	7.47	7.52	9.0	8.84	9.3	5.71
19.47924	4.19	6.55	7.1	6.91	6.58	8.36	8.17	8.6	5.39
19.50743	3.9	6.09	6.97	6.44	6.62	8.3	8.43	8.22	4.72
19.53561	4.4	6.32	7.14	6.06	6.69	8.65	8.9	8.55	4.48
19.5638	4.59	6.6	6.76	5.85	5.98	8.93	8.8	8.56	4.69
19.59198	4.22	6.82	6.4	5.68	5.53	9.25	8.67	7.96	4.87
19.62017	3.92	7.33	6.75	5.62	6.19	9.52	8.71	7.61	4.68
19.64835	3.98	7.99	7.18	5.79	6.23	9.93	9.11	7.91	4.22
19.67654	4.36	8.88	7.39	5.91	5.49	10.56	9.56	8.79	4.42
19.70472	4.83	11.34	7.91	6.14	5.07	12.31	9.91	8.79	4.66
19.73291	5.78	14.61	8.74	6.44	5.02	14.99	11.06	8.44	4.96
19.76109	7.77	19.27	10.55	6.99	5.14	18.99	12.26	9.26	5.31
19.78928	10.21	24.4	12.68	7.87	5.44	23.81	12.99	10.6	6.1
19.81746	10.65	26.51	13.73	8.36	5.71	26.09	13.87	10.82	6.74
19.84565	9.16	23.65	13.02	7.92	5.77	23.8	14.29	10.18	6.88
19.87383	7.37	18.66	11.36	6.76	5.48	19.66	12.96	9.67	6.17
19.90202	6.26	15.21	10.41	6.17	5.1	16.94	11.29	9.13	5.08
19.9302	6.17	13.39	10.14	6.43	5.01	15.86	10.89	8.78	4.74
19.95839	6.22	12.4	10.1	6.84	4.95	15.16	11.33	8.79	5.26
19.98657	6.05	12.61	10.2	6.81	5.61	14.89	11.49	9.21	5.62
20.01476	6.52	15.17	10.77	6.91	6.72	15.95	12.19	9.55	5.54
20.04294	8.96	20.69	12.79	7.82	7.59	19.95	14.25	10.76	6.25
20.07113	13.64	28.63	16.94	9.96	8.03	27.27	17.81	13.28	8.49
20.09931	18.7	36.76	21.55	12.52	8.5	35.48	23.04	15.81	10.75
20.1275	20.09	39.18	23.18	13.71	9.02	38.67	26.83	16.76	11.09
20.15568	16.46	32.63	20.19	12.44	9.06	32.96	24.98	15.62	9.6
20.18387	11.57	23.62	15.27	10.5	8.88	24.12	19.3	13.22	8.18
20.21205	9.48	19.25	12.18	9.68	9.45	19.63	15.51	11.34	8.2
20.24024	10.28	20.58	12.14	9.93	10.31	20.34	14.95	11.67	9.26
20.26842	12.89	26.08	14.29	10.36	10.89	24.96	16.0	13.42	10.77
20.29661	16.69	33.86	17.59	11.32	11.65	32.26	18.66	15.17	12.57
20.32479	20.11	40.63	21.63	13.56	12.7	39.66	22.48	17.0	14.66
20.35298	22.33	42.0	24.69	16.22	14.0	42.75	25.32	19.26	16.68
20.38116	22.94	37.64	25.49	18.4	15.7	39.53	25.76	21.13	18.27
20.40935	23.57	32.28	25.8	20.44	17.8	33.59	24.79	22.19	20.29
20.43753	26.03	29.5	27.57	22.46	20.19	29.49	24.18	23.24	22.54
20.46572	28.04	29.33	29.54	23.62	21.98	27.89	24.28	23.86	23.85
20.4939	27.12	28.99	29.61	23.54	21.86	27.49	24.5	23.31	23.33
20.52209	23.28	26.34	26.92	21.68	19.77	26.74	23.45	21.47	20.57
20.55027	18.67	22.78	22.74	18.85	16.81	25.08	21.29	19.23	17.38
20.57846	14.99	19.82	19.02	16.85	14.59	22.75	19.14	17.83	15.03
20.60664	12.64	18.24	16.67	15.91	13.68	20.74	17.5	17.03	13.72
20.63483	11.85	17.24	15.59	15.44	13.77	20.1	16.86	16.5	13.47
20.66301	12.13	16.87	15.46	15.15	14.26	19.98	17.02	16.36	13.71
20.6912	12.9	17.67	16.16	15.27	15.02	19.92	17.55	16.75	14.05
20.71938	13.89	18.58	17.08	15.76	16.25	20.48	18.6	17.63	14.93
20.74757	15.13	20.36	18.16	16.72	18.01	22.38	19.78	18.85	16.37
20.77575	16.87	23.26	19.56	17.96	19.23	25.36	21.14	20.29	17.78
20.80394	19.48	27.7	21.33	19.58	20.11	29.14	23.6	21.95	19.37
20.83212	22.98	33.99	24.55	21.76	21.64	33.79	26.63	24.02	21.47
20.86031	26.79	40.64	28.94	24.15	24.23	39.61	30.13	26.69	23.84
20.88849	29.81	44.44	32.78	27.15	27.41	44.39	33.84	29.68	26.43
20.91668	31.71	43.89	34.97	30.19	30.76	44.99	36.92	32.61	29.08
20.94486	33.49	41.75	36.4	33.09	34.36	43.47	39.12	35.91	32.12
20.97305	36.44	41.48	38.86	37.27	38.95	43.35	41.78	40.19	35.93
21.00123	41.07	44.61	43.6	43.36	44.56	46.0	46.61	45.48	41.27
21.02942	47.72	50.1	50.54	50.64	51.5	51.16	53.56	52.17	47.87
21.0576	55.97	57.46	59.41	59.04	60.01	57.81	61.93	61.17	55.42
21.08579	66.37	67.39	70.44	68.53	69.91	65.97	72.53	71.98	64.46
21.11397	76.94	79.07	81.87	78.18	80.68	75.37	84.82	84.08	74.06
21.14216	84.76	89.03	90.58	86.64	90.78	83.82	96.83	95.87	81.43
21.17034	90.36	94.53	96.98	93.61	100.09	90.02	107.19	105.21	86.51
21.19853	94.15	97.09	102.39	98.89	107.86	93.55	115.4	112.41	90.2
21.22671	95.2	97.46	104.91	101.5	111.67	94.26	119.54	116.5	91.2
21.2549	91.96	94.6	101.6	99.08	109.26	91.19	117.23	114.08	88.25
21.28308	84.2	87.95	93.44	91.74	101.27	85.86	108.37	105.68	81.96
21.31127	74.14	78.9	82.67	81.42	89.52	78.6	95.74	93.56	73.37
21.33945	64.0	69.79	72.14	70.22	76.85	69.9	82.37	80.55	63.94
21.36764	55.11	61.23	62.1	59.76	64.88	61.77	69.81	68.28	55.3
21.39582	47.68	53.9	52.92	50.82	54.79	54.34	59.5	57.76	47.19
21.42401	41.31	48.23	45.76	43.68	45.51	48.72	51.57	48.54	40.09
21.45219	36.23	43.84	40.24	37.18	37.3	45.16	44.54	40.95	34.06
21.48038	32.23	41.84	36.21	31.57	31.38	43.37	38.75	35.62	28.94
21.50856	29.42	41.58	33.53	27.52	26.69	42.46	35.36	31.82	25.49
21.53675	27.07	41.54	30.6	24.9	22.9	42.05	32.96	28.61	23.24
21.56493	24.57	38.89	27.98	22.6	20.02	40.68	30.97	25.81	20.23
21.59312	21.57	34.34	24.91	19.73	17.29	37.19	28.31	23.05	16.46
21.6213	18.5	28.82	21.69	17.36	15.06	31.58	24.99	20.35	13.62
21.64949	15.93	22.89	19.07	15.44	13.55	26.29	21.98	18.15	11.94
21.67767	13.64	18.78	17.14	13.23	12.17	22.56	19.69	16.59	10.9
21.70586	12.17	16.82	16.28	12.2	11.51	20.41	18.26	15.39	10.62
21.73404	11.32	15.55	15.53	12.16	11.0	19.65	17.72	15.19	9.83
21.76223	10.76	14.63	14.59	11.21	10.31	19.15	17.39	14.31	8.56
21.79041	9.61	13.45	12.83	9.92	9.15	17.95	16.85	13.41	6.93
21.8186	8.62	12.33	11.48	9.38	7.66	17.0	15.54	12.09	5.59
21.84678	7.12	11.33	10.72	8.6	7.09	16.48	14.72	11.1	3.78
21.87497	5.51	10.33	10.07	7.77	6.76	15.36	14.74	10.61	2.68
21.90315	4.26	9.2	9.79	6.89	5.88	14.65	14.87	10.1	1.98
21.93134	3.74	8.52	9.34	6.73	4.98	14.37	15.24	10.11	1.39
21.95952	3.84	8.83	9.17	6.81	4.46	14.63	15.07	10.3	1.36
21.98771	4.08	10.51	9.69	6.81	4.48	15.58	15.79	10.69	1.8
22.01589	4.58	12.99	10.5	7.21	4.33	16.79	16.87	11.54	2.37
22.04408	6.14	16.48	11.6	8.28	4.68	19.23	17.64	12.51	2.76
22.07226	8.75	22.34	14.3	10.07	5.41	24.05	19.98	14.1	3.19
22.10045	13.03	30.9	18.45	12.38	5.9	31.0	23.89	16.49	3.78
22.12863	16.64	38.12	22.56	14.85	5.97	37.86	28.02	18.7	4.78
22.15682	17.08	38.96	25.16	16.63	5.85	40.56	30.59	19.59	5.41
22.185	14.57	33.05	25.79	17.44	5.36	37.01	30.84	19.18	3.85
22.21319	11.0	24.74	24.78	16.75	5.29	29.81	28.74	18.1	1.19
22.24137	8.32	18.66	23.24	15.61	5.17	23.32	26.06	16.97	0.0
22.26956	6.33	16.41	22.04	14.68	4.9	19.7	23.36	15.91	0.0
22.29774	5.0	14.91	20.7	13.65	4.51	17.74	21.43	15.18	0.0
22.32593	4.48	12.65	18.46	11.82	4.54	17.15	20.28	14.14	0.0
22.35411	3.81	10.51	15.09	9.52	4.96	16.29	18.59	12.86	0.0
22.3823	2.61	9.01	11.93	7.92	4.84	14.78	16.64	11.67	0.0
22.41048	1.71	8.04	9.27	6.81	4.09	13.29	15.13	11.13	0.0
22.43867	1.53	7.0	7.08	6.02	4.15	12.63	14.21	11.03	0.0
22.46685	1.66	6.38	6.25	5.73	4.95	12.32	13.63	11.04	0.44
22.49504	2.64	6.37	6.55	5.92	6.02	11.94	13.55	11.28	2.33
22.52322	4.71	6.69	7.78	7.17	8.28	12.03	14.09	12.15	4.68
22.55141	8.61	8.22	10.46	10.05	11.67	13.59	15.45	14.53	8.09
22.57959	15.04	12.15	15.35	15.28	16.08	16.73	18.81	18.46	13.68
22.60778	24.29	18.75	22.84	22.8	22.07	21.49	23.87	23.53	20.89
22.63596	34.4	26.98	32.08	30.67	28.91	27.04	29.35	29.65	28.2
22.66415	40.43	33.59	38.59	35.45	33.5	31.12	33.54	34.68	33.11
22.69233	37.97	34.34	37.42	34.13	33.27	31.3	33.75	35.06	32.86
22.72052	29.71	28.22	29.77	28.21	28.23	27.75	29.44	30.54	27.57
22.7487	22.9	21.11	22.59	22.12	22.2	23.28	23.82	24.67	21.25
22.77689	20.98	18.81	20.22	18.87	18.98	20.99	20.24	20.22	17.51
22.80507	22.02	20.65	21.35	18.2	17.35	21.72	19.16	17.94	16.41
22.83326	22.43	22.81	22.02	17.46	15.49	23.36	19.09	17.04	15.57
22.86144	19.77	21.94	20.09	14.94	12.71	22.79	17.8	15.66	13.03
22.88963	14.54	17.48	15.08	10.96	9.72	19.31	14.66	12.86	9.07
22.91781	9.72	11.68	9.58	7.39	7.55	14.71	11.37	10.06	5.67
22.946	7.71	7.74	7.13	6.34	7.13	11.19	9.64	8.76	4.9
22.97418	9.83	7.57	8.08	8.76	9.92	10.76	10.53	10.32	7.37
23.00237	16.72	11.22	12.94	14.86	16.0	13.7	14.71	15.01	13.41
23.03055	27.55	18.9	22.34	23.94	24.42	19.37	21.18	22.22	23.52
23.05874	41.22	30.5	34.97	34.18	33.64	27.36	28.84	31.46	36.52
23.08692	53.21	42.22	46.58	41.91	40.36	35.47	35.94	39.59	47.2
23.11511	54.72	46.92	49.74	42.22	40.05	38.57	38.35	41.14	48.08
23.14329	42.41	39.75	40.29	33.94	31.53	33.88	33.37	34.48	37.14
23.17148	24.41	25.18	24.76	21.47	19.36	24.59	23.94	23.61	21.12
23.19966	11.05	13.9	12.73	11.23	9.09	16.83	15.69	13.76	8.22
23.22785	5.01	10.69	7.0	5.19	2.72	13.82	11.23	7.58	0.68
23.25603	3.73	13.15	5.32	2.27	0.0	15.23	10.26	5.16	0.0
23.28422	4.24	17.11	5.29	0.95	0.0	18.52	10.98	4.5	0.0
23.3124	4.46	18.14	5.39	0.43	0.0	20.4	10.83	4.13	0.0
23.34059	3.48	14.6	4.72	0.29	0.0	18.52	9.31	3.75	0.0
23.36877	2.58	9.6	3.75	0.45	0.0	13.99	7.6	3.27	0.0
23.39696	2.82	6.53	3.38	0.97	0.0	10.19	6.51	3.31	0.0
23.42514	3.69	6.32	4.05	1.54	0.5	9.17	6.79	4.21	0.0
23.45333	5.54	8.14	5.61	3.1	2.74	10.82	8.24	5.83	0.76
23.48151	8.36	10.93	8.39	6.36	6.44	14.44	10.72	8.85	3.76
23.5097	12.28	15.28	12.75	10.77	11.24	19.14	14.77	13.06	7.73
23.53788	18.94	22.42	18.78	16.63	17.21	25.6	21.22	18.66	13.29
23.56607	28.76	32.45	27.78	24.98	25.47	35.28	30.48	26.92	21.56
23.59425	42.53	46.09	41.1	37.26	37.52	49.33	43.42	38.98	34.09
23.62244	62.43	65.51	60.61	55.96	55.63	70.29	62.75	57.04	53.12
23.65062	91.95	94.93	89.64	84.73	83.85	101.17	92.01	84.49	82.15
23.67881	137.78	140.19	133.42	128.84	127.95	146.78	136.12	126.88	127.13
23.70699	206.1	207.06	197.49	193.14	191.89	214.03	198.84	189.3	194.19
23.73518	294.9	295.55	280.63	276.24	273.03	303.35	276.36	268.91	281.43
23.76336	382.65	385.52	363.16	361.36	353.62	395.3	349.97	346.56	368.75
23.79155	431.02	437.93	408.37	413.6	400.16	451.39	387.69	387.97	420.48
23.81973	413.44	422.91	390.62	403.71	386.02	441.15	366.45	368.12	408.58
23.84792	341.3	347.62	320.59	336.91	317.88	370.81	296.05	296.53	340.67
23.8761	251.46	251.8	234.3	247.89	230.31	276.87	211.97	210.0	252.36
23.90429	172.78	170.37	160.05	168.99	154.48	192.57	142.15	138.58	173.44
23.93247	115.27	113.31	106.36	111.47	100.56	130.81	93.24	89.26	114.83
23.96066	77.06	76.36	70.76	72.93	64.84	89.59	61.47	57.17	74.77
23.98884	52.68	53.22	48.01	47.83	41.82	63.08	41.2	36.88	48.37
24.01703	36.76	37.83	33.18	31.66	27.01	45.54	28.14	24.22	31.53
24.04521	25.78	26.32	23.31	21.02	17.01	32.52	19.17	15.95	20.36
24.0734	18.08	17.37	16.39	13.68	10.27	22.23	12.72	9.97	12.81
24.10158	12.78	11.4	11.57	8.84	5.98	15.16	8.3	5.5	7.6
24.12977	10.18	8.46	9.69	6.3	3.37	10.65	5.45	2.57	4.06
24.15795	9.11	7.24	10.26	5.45	2.03	7.8	3.81	1.02	1.92
24.18614	8.49	6.88	11.47	5.46	1.39	6.25	2.97	0.51	0.96
24.21432	8.49	7.5	12.91	5.97	1.44	5.63	3.31	0.88	1.4
24.24251	9.13	8.92	14.19	6.59	2.07	6.2	4.43	1.89	2.28
24.27069	10.08	10.07	14.76	7.04	3.26	7.35	5.81	3.58	3.37
24.29888	10.85	10.05	14.61	7.66	5.12	8.33	7.45	5.64	4.82
24.32706	11.09	9.49	14.13	8.67	7.29	8.78	8.68	7.64	5.8
24.35525	11.01	9.23	13.58	9.51	9.05	8.51	9.46	8.77	6.12
24.38343	10.72	9.09	12.91	9.31	9.66	8.2	9.63	8.82	6.5
24.41162	10.48	8.66	11.73	8.3	9.55	8.04	9.42	8.62	6.85
24.4398	9.99	8.23	10.3	7.24	9.39	8.04	8.97	8.62	7.12
24.46799	9.75	7.89	9.05	6.87	9.29	8.06	8.6	8.32	7.41
24.49617	9.97	7.08	8.48	6.7	9.45	7.54	8.09	7.72	7.42
24.52436	9.46	5.89	7.71	6.17	9.76	7.07	7.46	7.02	7.39
24.55254	8.58	4.35	6.22	5.65	9.76	6.1	6.48	6.59	7.13
24.58073	7.84	3.11	4.72	5.48	8.92	4.52	5.67	6.43	6.44
24.60891	6.84	2.29	3.82	5.42	8.15	3.89	5.19	6.33	6.17
24.6371	6.23	1.67	3.84	5.7	7.95	4.15	5.1	6.07	6.29
24.66528	6.46	1.49	4.01	6.65	8.61	4.34	5.24	6.1	6.98
24.69347	7.54	2.16	4.78	7.47	9.43	4.87	5.93	7.31	7.92
24.72165	9.54	3.15	6.77	8.07	10.35	5.59	7.2	8.58	8.98
24.74984	11.38	4.49	8.82	8.99	11.17	6.56	8.54	9.3	10.45
24.77802	12.97	6.53	10.73	9.88	11.71	7.21	9.6	9.79	11.46
24.80621	14.19	7.69	12.08	10.15	11.76	7.74	10.12	10.12	11.3
24.83439	14.01	7.95	12.02	9.64	11.2	7.68	10.09	10.31	10.79
24.86258	11.66	6.84	10.08	8.93	10.5	6.97	9.42	9.7	9.83
24.89076	8.59	4.69	7.75	8.27	9.91	6.16	8.44	9.05	8.39
24.91895	6.58	2.99	6.17	7.81	9.62	5.64	7.47	8.68	7.75
24.94713	6.12	2.46	5.65	7.51	9.52	5.47	6.58	8.46	7.67
24.97532	6.56	2.53	5.56	7.13	9.58	5.46	6.46	8.63	7.33
25.0035	7.55	2.98	6.22	7.39	10.34	6.45	7.1	8.5	7.54
25.03169	9.03	4.65	7.08	8.79	11.07	7.58	8.41	8.98	8.68
25.05987	11.2	6.3	8.64	11.1	12.24	8.6	10.12	10.48	10.58
25.08806	13.81	8.28	11.48	13.41	13.91	10.07	12.01	12.4	12.49
25.11624	16.21	10.69	14.29	14.96	15.28	11.38	13.58	14.55	14.13
25.14443	17.98	12.78	16.16	16.85	16.58	12.43	14.76	16.52	16.33
25.17261	19.03	13.47	17.12	18.89	18.27	13.56	15.74	17.83	18.64
25.2008	20.46	13.22	17.89	20.7	20.26	14.87	16.95	19.1	20.51
25.22898	23.4	14.17	19.77	23.02	22.95	16.34	18.34	21.06	23.55
25.25717	28.83	17.2	24.56	27.01	26.09	18.61	21.11	24.09	27.36
25.28535	37.03	22.54	31.19	32.42	29.28	21.8	24.23	27.26	32.15
25.31354	45.75	29.19	38.48	37.7	31.97	25.4	27.09	30.14	36.84
25.34172	52.51	35.68	44.93	40.67	33.19	28.74	29.27	31.46	39.65
25.36991	53.72	38.51	47.63	40.47	32.3	29.92	29.8	30.97	39.06
25.39809	48.32	36.72	44.38	36.79	29.11	28.48	28.39	28.1	34.62
25.42628	38.22	30.78	37.02	30.69	24.75	25.21	25.38	24.17	28.5
25.45446	28.25	23.2	27.6	24.18	19.89	20.81	21.4	20.36	22.63
25.48265	21.22	16.57	19.76	18.59	16.08	16.44	17.97	17.15	17.74
25.51083	16.38	12.76	15.3	14.47	13.37	13.12	14.95	14.31	13.83
25.53902	12.89	10.32	12.42	11.57	11.36	11.78	12.63	11.63	11.22
25.5672	10.43	8.83	10.15	9.84	10.12	11.35	11.41	10.28	9.36
25.59539	9.2	8.5	8.92	8.61	8.82	10.55	10.57	10.04	8.59
25.62357	8.29	9.14	8.51	8.4	7.71	10.05	9.71	9.47	7.63
25.65176	7.92	9.35	8.52	8.08	6.99	9.87	9.44	9.09	6.54
25.67994	8.31	8.68	8.38	8.04	6.71	9.61	9.09	8.93	5.9
25.70813	8.75	8.25	8.47	8.56	6.93	9.82	8.88	9.03	6.02
25.73631	8.89	8.7	8.99	8.36	7.48	10.59	9.19	9.44	6.13
25.7645	8.79	9.68	9.61	8.23	7.96	11.04	9.91	9.64	6.85
25.79268	10.0	10.41	10.74	9.32	9.39	11.73	10.88	10.4	7.99
25.82087	12.33	11.58	12.33	10.94	11.57	12.61	11.94	11.74	9.75
25.84905	14.08	13.44	14.36	12.82	14.07	13.83	13.35	13.35	11.84
25.87724	15.69	15.91	16.45	14.81	15.35	15.67	14.84	14.72	13.77
25.90542	17.08	18.35	17.59	15.49	15.64	17.17	16.12	15.84	14.77
25.93361	16.96	19.89	17.65	14.67	15.11	18.24	16.2	16.05	14.19
25.96179	15.11	19.61	16.53	12.76	13.56	18.28	15.73	15.03	12.45
25.98998	12.22	17.63	14.2	10.39	11.83	17.32	14.5	13.43	10.45
26.01816	9.64	13.93	11.81	8.67	9.97	15.5	12.54	11.44	8.65
26.04635	8.25	10.72	9.75	8.1	8.45	13.55	10.92	9.6	7.35
26.07453	7.52	9.16	8.81	7.67	7.1	11.85	10.09	8.56	6.23
26.10272	6.72	8.34	8.32	7.06	6.68	10.42	9.72	8.22	5.58
26.1309	6.24	7.8	7.88	6.25	6.56	9.69	9.43	7.23	4.81
26.15909	6.28	7.79	7.66	6.18	6.49	9.61	9.14	6.95	4.26
26.18727	6.76	8.4	8.08	6.3	6.13	9.57	8.87	7.13	4.36
26.21546	7.05	8.66	8.14	6.66	6.39	9.78	9.5	7.88	4.97
26.24364	6.97	8.48	8.06	6.77	6.98	9.57	10.67	8.89	5.54
26.27183	7.28	8.37	8.66	7.18	8.09	9.11	10.94	9.8	6.39
26.30001	9.16	9.25	10.76	9.19	10.12	10.04	11.44	11.1	8.29
26.3282	11.58	11.56	13.98	12.14	12.23	12.1	12.63	13.45	10.54
26.35638	15.05	14.9	17.72	15.28	14.11	14.82	15.08	16.31	13.0
26.38457	17.64	19.11	20.44	17.04	15.58	18.13	17.38	18.44	15.28
26.41275	17.8	22.83	21.31	17.12	15.54	20.32	18.74	18.99	15.51
26.44094	15.14	21.69	19.23	15.2	13.92	19.65	18.51	17.5	13.18
26.46912	11.95	17.48	15.43	12.41	11.61	16.93	16.43	15.11	10.32
26.49731	9.66	13.63	12.84	10.85	10.47	14.36	14.79	13.52	9.0
26.52549	8.84	12.34	12.29	10.61	10.34	13.13	14.22	12.96	8.64
26.55368	9.44	12.48	12.84	11.09	10.8	13.3	14.34	12.96	8.75
26.58186	10.7	12.92	13.57	11.79	11.33	14.07	15.1	13.47	9.34
26.61005	11.8	13.45	13.79	11.86	11.38	14.41	15.41	13.42	10.3
26.63823	11.62	13.77	14.05	11.58	10.95	14.01	15.26	13.54	10.78
26.66642	11.16	13.31	14.32	11.05	10.69	13.7	14.98	13.63	10.07
26.6946	10.28	12.53	14.03	10.41	10.19	13.3	14.54	13.15	8.37
26.72279	9.09	12.23	13.58	9.69	9.34	12.87	13.82	12.16	7.05
26.75097	8.17	11.97	12.25	8.77	8.14	12.49	13.0	10.92	6.03
26.77916	7.27	12.02	11.16	8.24	6.27	13.17	13.08	9.97	5.16
26.80734	6.33	12.91	10.6	8.33	4.7	14.38	13.52	9.36	3.88
26.83553	6.34	14.57	11.1	7.84	4.12	16.22	14.62	10.04	3.03
26.86371	7.35	18.12	12.26	7.62	3.78	18.93	16.21	10.9	2.93
26.8919	9.04	22.8	14.12	8.7	3.95	23.52	18.47	12.49	3.61
26.92008	11.33	27.09	16.2	10.07	4.38	28.96	22.57	14.13	5.06
26.94827	12.95	28.53	17.71	10.96	5.09	32.19	25.74	15.14	5.94
26.97645	12.65	25.82	16.98	10.71	4.99	30.69	25.31	15.09	5.09
27.00464	10.46	20.26	14.21	9.13	4.81	25.11	21.73	13.92	3.77
27.03282	8.36	15.26	11.72	7.93	5.33	20.04	17.75	12.5	3.72
27.06101	7.66	12.58	11.13	7.55	5.9	16.84	15.36	11.91	4.14
27.08919	7.5	11.66	11.32	7.35	5.96	15.35	13.76	11.83	4.8
27.11738	7.41	11.17	11.2	7.47	6.26	14.6	12.98	11.03	5.27
27.14556	6.47	10.64	10.23	7.09	6.49	13.4	11.88	9.94	5.23
27.17375	5.28	9.59	8.87	6.67	5.76	12.43	10.53	8.72	4.61
27.20193	5.08	8.39	8.05	5.97	4.64	11.54	9.48	8.03	3.83
27.23012	4.5	7.56	7.58	5.5	3.77	10.74	9.02	8.17	3.5
27.2583	3.92	7.45	7.63	5.56	3.37	10.05	8.72	7.82	3.63
27.28649	4.4	7.97	7.3	5.67	3.51	9.74	8.41	7.06	3.39
27.31467	4.69	8.45	7.74	5.76	4.47	9.97	8.7	7.18	3.63
27.34286	4.78	8.37	8.58	6.28	4.81	9.89	9.21	7.89	4.49
27.37104	5.4	8.67	8.27	6.57	5.19	9.71	9.38	8.17	4.88
27.39923	6.31	9.12	7.59	6.5	5.75	9.77	9.4	8.01	4.83
27.42741	6.72	9.8	8.23	6.46	5.97	9.78	9.38	8.43	4.85
27.4556	6.87	10.0	9.27	6.61	6.33	10.08	9.38	8.73	5.38
27.48378	6.91	9.72	9.62	7.34	6.4	10.3	9.45	8.69	5.92
27.51197	6.97	9.79	9.27	7.39	6.23	10.22	9.69	8.85	5.71
27.54015	6.8	10.18	9.13	6.69	5.89	10.1	10.06	9.01	5.47
27.56834	6.72	10.46	8.75	6.88	5.57	9.93	10.02	8.67	5.11
27.59652	6.25	10.01	8.33	6.57	5.52	10.06	9.51	8.46	4.71
27.62471	6.19	9.78	8.58	5.95	5.59	10.12	9.76	8.69	4.68
27.65289	6.51	9.37	8.63	5.63	5.64	10.46	10.05	9.06	4.53
27.68108	6.45	8.47	7.97	5.81	5.92	10.43	9.72	8.84	4.74
27.70926	5.72	8.19	7.71	5.91	5.81	9.8	9.38	8.49	4.96
27.73745	5.1	8.65	8.08	5.88	5.46	9.33	8.8	8.1	4.97
27.76563	5.12	8.81	8.07	6.02	5.51	9.22	8.89	7.95	4.53
27.79382	5.3	8.29	7.88	6.38	5.67	9.36	9.08	7.79	4.38
27.822	5.76	8.28	7.99	6.29	5.99	9.71	9.13	8.24	5.02
27.85019	6.26	8.53	8.55	6.35	6.19	9.63	9.39	8.82	5.57
27.87837	6.53	8.87	9.23	6.97	6.26	9.6	9.57	8.87	5.65
27.90656	6.5	9.3	9.39	7.38	6.27	10.15	9.34	9.17	5.86
27.93474	6.9	9.94	9.28	7.75	6.49	10.68	9.51	9.75	6.5
27.96293	7.43	10.48	9.52	8.01	7.61	11.04	10.32	9.98	6.88
27.99111	7.95	10.55	9.89	8.32	9.01	11.56	11.06	10.28	7.27
28.0193	8.53	10.66	10.97	9.33	10.16	12.07	11.91	10.88	8.62
28.04748	9.96	11.28	12.41	10.62	11.02	12.91	13.22	11.49	9.45
28.07567	11.78	12.27	13.56	11.76	11.88	13.52	14.11	12.55	10.17
28.10385	13.72	13.57	14.69	13.12	13.32	13.8	14.48	13.96	11.67
28.13204	15.47	14.67	16.18	14.83	14.51	14.25	15.25	15.72	13.76
28.16022	17.56	16.63	18.11	16.81	15.45	15.61	16.81	17.11	15.47
28.18841	19.51	19.4	20.15	19.06	16.57	18.15	18.33	18.53	16.76
28.21659	20.51	21.79	21.98	20.19	17.85	20.05	19.25	20.29	17.9
28.24478	20.44	23.08	22.87	20.2	18.56	20.64	20.04	21.64	18.56
28.27296	20.02	22.56	22.78	19.99	18.48	21.01	20.67	21.91	18.7
28.30115	19.77	22.16	22.71	19.57	17.56	21.52	20.53	21.14	18.29
28.32933	19.35	22.43	21.84	18.46	16.27	21.41	19.93	20.51	17.46
28.35752	17.91	22.05	20.31	16.87	15.05	20.15	18.99	19.69	15.49
28.3857	15.35	19.66	17.81	14.98	13.48	18.41	17.17	17.92	13.22
28.41389	12.29	16.12	14.86	12.88	11.42	16.21	14.94	15.19	10.91
28.44207	9.53	13.39	12.73	10.8	9.31	14.34	12.88	12.95	8.8
28.47026	8.11	11.71	11.36	9.02	8.24	13.28	11.47	11.59	7.04
28.49844	7.96	11.2	10.5	7.43	7.4	12.83	10.73	10.18	5.59
28.52663	7.7	11.21	10.19	6.41	6.41	12.74	10.65	9.49	4.47
28.55481	7.22	11.15	9.78	6.28	5.87	12.54	10.92	9.01	4.09
28.583	6.67	10.91	9.82	6.04	5.68	12.02	10.5	8.49	4.09
28.61118	6.3	10.87	9.31	5.4	5.43	11.2	9.85	8.26	3.58
28.63937	6.26	11.02	8.69	4.82	5.07	10.54	9.19	7.78	3.35
28.66755	6.47	11.2	8.21	4.71	4.62	10.57	8.87	7.42	3.63
28.69574	6.88	11.6	8.22	4.77	4.33	11.15	8.76	7.43	3.71
28.72392	7.59	12.98	8.63	5.23	4.23	12.61	9.18	7.47	4.05
28.75211	8.19	14.9	9.21	5.97	4.01	14.64	9.76	7.61	4.53
28.78029	8.55	16.85	10.09	6.38	3.79	16.38	10.09	8.21	4.73
28.80848	8.95	18.36	10.79	6.4	3.62	17.37	10.64	8.17	4.49
28.83666	8.9	19.12	11.12	5.97	3.36	18.14	11.13	8.18	4.2
28.86485	8.66	19.19	11.1	5.79	3.09	18.37	11.31	8.12	3.67
28.89303	8.44	17.7	10.42	5.71	3.3	17.4	11.02	7.88	3.24
28.92122	7.86	15.17	9.61	5.35	3.36	15.44	10.28	7.26	3.22
28.9494	7.06	12.96	8.56	4.91	3.48	13.52	9.48	6.58	3.33
28.97759	6.33	10.91	7.52	4.28	3.51	11.45	8.84	6.17	3.4
29.00577	5.73	9.35	7.08	3.55	3.5	9.92	8.17	6.45	2.99
29.03396	5.26	8.6	6.99	3.31	3.36	9.12	7.35	6.68	2.73
29.06214	4.86	8.27	6.73	3.86	3.43	8.53	6.96	6.66	2.58
29.09033	4.55	7.53	6.06	4.34	3.51	8.08	6.99	6.15	2.61
29.11851	4.72	7.01	5.37	4.37	3.55	8.25	6.96	5.75	2.94
29.1467	5.13	7.06	5.37	4.16	3.57	8.22	6.68	5.92	3.08
29.17488	5.24	7.18	6.06	4.3	3.67	7.69	6.56	6.18	2.67
29.20307	4.99	6.91	6.6	4.72	3.77	7.7	6.77	6.48	2.14
29.23125	4.89	6.94	6.66	4.99	4.06	7.99	7.11	6.79	2.33
29.25944	5.28	7.46	6.86	4.81	4.5	8.32	7.45	6.93	2.88
29.28762	6.17	8.07	7.27	4.6	4.93	8.87	7.42	6.9	3.58
29.31581	6.86	8.71	7.54	5.02	5.23	9.48	7.48	7.03	4.22
29.34399	7.53	9.37	7.89	5.98	5.97	9.71	7.94	7.44	4.57
29.37218	8.01	9.59	8.36	6.6	6.54	9.32	8.63	7.79	4.77
29.40036	8.13	9.48	8.28	6.68	6.43	9.22	9.21	8.0	4.92
29.42855	8.42	9.0	8.34	6.76	6.16	9.52	9.2	8.37	5.17
29.45673	8.3	8.3	8.68	6.99	6.41	9.33	8.69	8.55	5.3
29.48492	8.07	8.26	8.68	7.05	7.01	8.82	8.45	8.53	5.77
29.5131	8.29	8.43	8.57	7.35	7.26	8.55	8.55	8.61	6.46
29.54129	8.45	8.38	8.75	7.76	7.26	8.63	8.98	8.53	6.82
29.56947	8.53	8.33	9.33	8.08	7.3	8.84	9.24	8.51	6.88
29.59766	9.4	8.73	10.24	8.43	7.78	9.51	9.37	8.88	7.15
29.62584	10.7	9.29	10.99	8.71	8.27	10.47	9.73	9.49	7.91
29.65403	11.45	9.78	11.27	9.01	8.84	10.99	10.21	9.7	8.65
29.68221	11.43	10.12	10.87	9.45	9.29	11.37	10.74	9.76	8.58
29.7104	10.78	9.75	10.13	9.23	8.84	11.38	11.07	9.74	7.83
29.73858	9.76	8.79	9.02	8.19	8.15	10.76	10.98	9.21	6.86
29.76677	8.93	7.84	7.77	7.12	7.56	9.91	10.32	8.67	5.82
29.79495	8.43	7.04	7.3	6.81	6.66	9.32	9.59	8.54	5.09
29.82314	8.18	7.08	7.23	7.06	6.0	9.13	9.35	8.54	5.15
29.85132	8.53	7.91	7.34	7.38	6.32	9.31	9.67	8.69	5.6
29.87951	9.58	8.73	8.13	7.91	7.12	9.76	10.18	9.3	6.04
29.90769	11.05	9.67	9.6	8.66	7.77	10.42	10.49	10.18	6.99
29.93588	12.38	10.74	11.0	9.47	8.21	11.01	10.75	10.79	8.07
29.96406	13.35	11.66	12.21	10.2	8.4	11.66	11.23	11.07	8.63
29.99225	13.96	12.41	13.61	10.4	8.76	12.44	11.63	11.21	8.93
30.02043	14.03	12.76	14.52	9.97	9.02	12.65	11.39	11.17	9.0
30.04862	13.26	12.23	14.23	9.34	8.33	12.14	10.84	10.56	8.43
30.0768	11.52	10.94	12.6	8.34	7.26	11.2	10.27	9.69	7.11
30.10499	9.59	9.13	10.5	6.99	6.27	9.89	9.16	8.86	5.41
30.13317	8.06	7.0	8.91	5.77	4.81	8.39	7.92	7.53	3.79
30.16136	6.68	5.51	7.81	4.57	3.17	7.09	6.75	5.91	2.39
30.18954	5.72	4.9	6.84	3.46	2.27	6.12	5.5	4.49	1.25
30.21773	5.41	4.91	6.07	2.64	1.8	5.25	4.73	3.67	0.41
30.24591	5.31	5.2	6.09	2.16	1.1	4.47	4.25	3.35	0.0
30.2741	5.11	4.98	6.58	2.04	0.59	4.17	4.13	2.89	0.0
30.30228	4.92	4.69	6.62	2.06	0.48	4.22	4.34	2.17	0.0
30.33047	5.05	4.84	6.55	2.22	0.34	4.42	4.24	1.54	0.0
30.35865	4.99	5.07	6.38	2.19	0.0	4.38	3.75	1.43	0.0
30.38684	4.43	5.12	5.71	1.62	0.0	3.96	3.28	1.86	0.0
30.41502	3.92	4.47	4.57	1.26	0.0	3.65	2.84	1.82	0.0
30.44321	3.58	3.57	3.67	1.06	0.0	3.34	2.16	1.33	0.0
30.47139	3.25	3.19	3.35	0.92	0.0	3.04	1.96	1.12	0.0
30.49958	3.3	3.11	3.22	0.72	0.0	3.14	2.41	1.2	0.0
30.52776	3.62	3.26	2.97	0.12	0.0	3.14	2.59	1.16	0.0
30.55595	3.62	3.28	2.91	0.0	0.0	3.12	2.33	1.22	0.0
30.58413	3.23	3.11	2.83	0.0	0.0	3.05	2.16	1.16	0.0
30.61232	3.21	3.05	2.5	0.0	0.0	3.22	2.23	0.8	0.0
30.6405	3.37	2.68	2.22	0.43	0.0	3.25	2.33	0.77	0.0
30.66869	3.17	2.41	2.18	0.68	0.0	3.04	2.21	0.95	0.0
30.69687	3.17	2.66	2.1	0.78	0.17	2.91	2.4	1.31	0.0
30.72506	3.23	2.86	2.23	0.65	0.24	3.23	2.81	1.75	0.0
30.75324	3.3	3.46	2.95	0.48	0.0	3.77	2.94	2.15	0.0
30.78143	3.34	4.24	3.65	0.49	0.0	4.39	2.8	2.19	0.0
30.80961	3.4	4.66	3.73	0.46	0.0	4.79	2.89	1.93	0.0
30.8378	3.63	4.96	3.14	0.23	0.0	4.96	3.07	1.62	0.0
30.86598	3.77	4.94	2.83	0.0	0.0	5.35	2.78	1.37	0.0
30.89417	4.39	5.0	3.23	0.0	0.0	5.55	2.58	1.5	0.0
30.92235	4.32	4.73	3.22	0.21	0.0	5.87	2.77	1.54	0.0
30.95054	4.09	4.25	2.83	0.51	0.0	5.57	2.74	1.67	0.0
30.97872	4.57	3.99	2.91	0.56	0.09	4.84	2.76	2.05	0.0
31.00691	4.75	3.82	3.08	0.55	0.78	4.72	3.04	2.16	0.0
31.03509	4.18	3.67	3.12	1.24	1.48	5.18	3.55	2.39	0.16
31.06328	3.84	3.52	2.97	1.66	1.84	5.17	3.85	2.8	0.69
31.09146	4.24	3.48	2.68	1.84	2.32	5.17	4.32	3.13	1.18
31.11965	4.75	4.03	3.3	2.07	2.83	5.46	5.14	3.51	1.29
31.14783	4.85	4.81	4.13	1.82	2.83	5.87	5.12	3.46	0.95
31.17602	4.91	5.63	4.48	1.34	2.61	5.9	4.84	3.12	0.94
31.2042	5.25	5.87	4.58	1.33	2.69	5.99	5.07	3.24	1.37
31.23239	5.39	5.42	4.08	1.88	2.4	6.19	5.15	3.1	1.14
31.26057	5.22	5.34	3.83	2.09	2.57	6.25	4.78	3.17	1.03
31.28876	5.26	5.61	3.85	1.84	3.14	6.83	4.93	3.38	1.32
31.31694	5.64	5.89	4.18	2.03	2.7	8.07	5.39	3.72	1.84
31.34513	5.95	6.57	4.85	2.97	2.94	9.28	5.89	4.41	2.26
31.37331	6.31	7.63	5.43	3.96	3.9	9.77	6.5	4.86	2.36
31.4015	7.07	8.77	6.12	4.58	4.73	9.79	7.44	5.43	2.98
31.42968	8.1	9.77	6.96	5.22	5.7	10.86	8.5	6.22	3.91
31.45787	9.37	10.65	8.08	5.95	6.43	12.46	9.58	7.15	4.84
31.48605	10.85	12.11	9.68	7.18	7.31	13.89	10.67	8.41	5.92
31.51424	12.4	13.88	11.28	8.88	8.14	15.67	11.7	9.65	7.05
31.54242	14.13	15.96	12.57	10.68	9.73	17.74	13.55	10.74	8.83
31.57061	15.79	18.36	14.41	12.35	11.7	19.75	15.34	12.32	10.47
31.59879	18.12	21.16	17.06	14.6	13.77	21.88	17.28	14.57	12.59
31.62698	21.24	23.6	19.65	17.43	15.95	24.85	19.93	17.59	15.1
31.65516	24.29	25.63	22.02	20.6	19.09	27.67	22.84	20.87	18.38
31.68335	27.71	28.58	25.08	23.96	23.1	30.53	26.1	24.34	22.23
31.71153	31.69	32.07	28.99	27.77	27.68	34.45	30.71	28.82	26.23
31.73972	36.87	36.86	34.34	33.43	33.82	39.71	36.77	34.17	31.26
31.7679	44.35	44.24	41.85	40.78	41.66	46.17	44.15	41.91	38.98
31.79609	54.32	53.4	51.64	49.84	51.06	55.14	53.46	51.16	48.9
31.82427	67.19	65.71	64.21	62.28	63.24	66.4	65.88	62.78	61.17
31.85246	82.72	81.42	79.82	78.6	79.82	81.21	82.37	78.92	76.09
31.88064	102.06	101.09	100.12	98.69	101.19	100.11	103.96	99.44	95.51
31.90883	127.52	126.22	126.24	124.61	128.45	123.74	131.59	125.98	119.77
31.93701	159.55	157.29	158.71	157.09	162.95	152.99	166.33	160.28	150.02
31.9652	196.86	193.31	196.8	194.72	204.16	186.91	208.28	202.03	185.92
31.99338	236.92	232.18	238.24	235.84	249.48	223.76	253.82	247.43	225.7
32.02157	274.4	269.19	277.4	274.92	292.98	258.53	296.61	291.09	263.25
32.04975	300.64	295.26	305.61	302.51	324.9	283.3	327.2	323.23	290.13
32.07794	308.52	303.21	314.55	311.79	336.53	292.91	336.78	334.4	299.69
32.10612	297.06	292.35	301.71	301.17	325.01	284.83	322.12	321.04	290.71
32.13431	270.42	266.24	272.63	274.72	294.5	262.31	289.39	288.21	266.85
32.16249	235.48	231.84	236.41	239.63	252.98	231.1	247.62	246.26	233.57
32.19068	199.85	195.03	199.78	202.83	210.15	197.13	204.81	203.75	197.71
32.21886	168.02	161.83	166.94	168.84	172.26	165.53	167.24	166.11	164.89
32.24705	140.79	134.99	139.11	139.74	140.42	138.04	136.2	134.77	136.55
32.27523	117.96	112.75	116.17	115.8	114.42	115.02	111.26	109.73	112.83
32.30342	98.37	93.85	97.4	96.58	93.68	96.19	91.44	90.36	93.0
32.3316	81.84	78.01	81.59	80.21	76.96	80.67	75.85	74.93	76.46
32.35979	67.9	65.1	68.05	66.2	63.37	67.79	63.77	62.26	62.76
32.38797	55.97	54.61	56.59	54.64	52.47	57.12	54.46	51.82	51.88
32.41616	46.25	45.63	47.04	45.65	43.8	48.57	46.3	43.35	43.17
32.44434	38.6	38.31	39.55	38.72	36.41	41.75	38.78	36.47	36.13
32.47253	32.8	32.6	33.39	32.95	30.39	36.12	32.68	30.49	30.58
32.50071	28.11	28.08	28.42	27.79	26.05	31.18	28.12	25.63	25.51
32.5289	24.26	24.28	24.62	23.48	22.58	26.98	24.55	22.29	21.76
32.55708	21.52	21.35	21.79	20.26	19.6	23.82	21.65	20.22	19.53
32.58527	19.89	19.32	19.61	18.09	17.49	21.67	19.18	18.74	17.44
32.61345	18.58	17.78	17.72	16.72	15.73	20.1	17.56	17.25	15.15
32.64164	16.97	16.45	16.03	15.32	13.82	18.81	16.8	15.66	12.99
32.66982	15.16	15.49	14.47	13.64	12.18	17.76	15.99	14.28	11.36
32.69801	13.76	14.81	13.65	12.3	11.29	16.95	14.62	13.18	10.57
32.72619	12.6	13.84	13.17	11.47	11.04	16.07	13.28	12.4	10.14
32.75438	11.47	12.74	12.18	10.9	11.21	15.06	12.79	11.97	9.79
32.78256	10.97	12.21	11.54	10.84	11.56	14.32	12.84	11.51	9.65
32.81075	11.12	12.13	11.73	11.16	11.59	13.88	12.81	11.29	9.7
32.83893	11.7	12.06	11.95	11.06	11.23	13.82	12.79	11.67	9.77
32.86712	12.51	12.09	11.96	11.03	11.05	14.05	12.99	12.32	10.02
32.8953	13.13	12.27	12.17	11.97	11.5	14.23	13.63	13.08	10.96
32.92349	13.88	12.73	13.09	13.39	12.48	14.9	14.69	13.8	12.3
32.95167	15.62	13.96	15.26	14.78	14.23	16.31	15.93	14.79	14.03
32.97986	18.32	15.78	17.8	16.66	16.59	18.05	17.37	16.46	15.97
33.00804	21.64	17.97	20.61	19.05	18.76	19.55	19.27	18.66	18.45
33.03623	25.77	21.03	23.96	22.22	20.95	21.21	21.35	21.16	21.39
33.06441	30.44	24.7	28.16	26.06	23.81	23.48	23.53	24.35	24.73
33.0926	34.5	28.07	32.23	29.25	26.82	26.08	25.67	27.37	27.95
33.12078	37.16	31.24	35.07	31.48	28.47	28.81	27.19	29.23	29.88
33.14897	37.65	33.54	36.1	31.99	28.49	30.38	28.3	29.95	30.12
33.17715	35.49	33.13	35.32	30.9	27.53	30.68	28.69	29.52	28.96
33.20534	31.84	29.99	32.47	28.74	26.25	29.68	27.71	27.78	26.84
33.23352	27.85	26.21	28.21	25.8	24.65	27.42	26.15	25.36	24.24
33.26171	24.3	23.28	24.39	23.23	22.32	25.63	24.31	23.05	21.67
33.28989	21.79	22.26	22.09	21.38	20.23	24.66	23.19	21.76	20.45
33.31808	20.85	22.23	21.67	20.61	19.4	24.57	22.97	21.51	20.14
33.34626	21.41	23.06	22.28	21.29	20.19	25.34	23.45	21.99	20.5
33.37445	23.15	24.65	23.36	22.89	21.51	27.52	24.56	22.92	21.38
33.40263	25.39	27.1	24.92	25.13	23.2	29.96	26.47	24.94	23.01
33.43082	27.85	29.52	27.55	27.62	26.02	31.9	29.2	27.63	25.26
33.459	30.95	32.04	31.17	31.18	29.72	34.8	31.88	30.93	28.41
33.48719	34.77	35.72	35.54	35.66	33.72	38.73	35.85	34.82	32.64
33.51537	39.39	40.65	40.04	40.59	38.41	43.32	41.07	39.53	37.37
33.54356	45.57	46.23	45.01	45.94	44.9	48.42	47.04	45.73	43.46
33.57174	52.6	52.57	52.23	52.86	53.27	53.77	53.82	53.11	50.91
33.59993	61.27	59.89	60.61	61.41	63.01	60.77	62.07	61.74	59.55
33.62811	71.39	69.0	71.1	71.44	75.29	69.22	72.3	72.31	69.73
33.6563	82.71	79.71	82.78	82.81	87.72	78.45	83.76	85.74	81.54
33.68448	93.88	92.07	95.25	94.02	99.11	88.59	96.41	99.54	92.84
33.71267	103.16	104.93	107.97	103.7	109.46	98.77	108.8	112.81	102.31
33.74085	109.27	114.98	116.37	109.61	116.52	106.29	119.3	122.83	108.39
33.76904	108.55	117.67	117.79	110.22	117.83	108.84	124.33	127.35	108.71
33.79722	100.84	110.7	111.29	104.61	112.91	103.95	121.68	124.33	102.82
33.82541	88.97	97.59	98.82	94.11	103.21	92.92	111.27	113.53	91.56
33.85359	75.51	82.36	84.43	80.89	90.48	79.31	95.89	96.94	78.2
33.88178	62.64	68.0	70.66	67.24	75.9	66.49	79.72	79.36	64.34
33.90996	51.62	55.78	58.28	55.13	61.78	55.76	64.94	63.89	52.55
33.93815	42.76	45.91	47.48	45.14	49.7	46.11	52.81	51.06	42.88
33.96633	35.24	38.18	38.54	36.74	39.91	38.8	42.9	40.86	35.0
33.99452	29.0	32.2	31.76	29.89	31.8	33.45	34.55	33.08	28.63
34.0227	24.01	27.01	26.32	25.09	25.32	28.56	28.57	27.1	23.03
34.05089	19.86	22.99	22.14	20.67	20.43	24.63	23.87	22.48	18.5
34.07907	16.54	20.53	18.93	17.15	16.96	21.74	20.34	18.86	15.33
34.10726	14.33	18.58	16.51	14.6	14.45	19.43	18.26	16.3	13.09
34.13544	12.75	16.68	15.0	12.73	12.62	17.93	16.72	14.66	11.3
34.16363	11.71	15.85	13.75	11.72	11.52	17.32	15.28	13.3	10.05
34.19181	11.18	15.89	13.08	11.23	10.74	16.85	14.03	12.66	9.55
34.22	10.79	16.06	13.12	10.95	10.25	16.76	13.32	12.72	9.48
34.24818	10.92	16.17	13.7	10.82	9.98	17.17	13.6	12.98	9.42
34.27637	11.45	16.5	14.32	11.07	9.76	17.67	14.14	13.02	9.51
34.30455	12.03	16.8	14.43	11.36	10.26	17.66	14.51	13.09	9.74
34.33274	12.17	16.93	14.52	11.05	10.36	17.04	14.78	13.26	9.97
34.36092	11.71	16.71	14.7	10.43	10.13	16.25	14.41	13.36	9.55
34.38911	10.51	15.98	14.19	9.92	9.83	15.42	13.31	12.76	8.34
34.41729	8.52	14.49	12.4	8.97	8.8	14.35	12.3	11.39	6.83
34.44548	6.47	12.36	10.26	7.57	7.53	13.21	11.64	9.84	5.68
34.47366	5.04	10.61	8.88	6.51	6.49	11.92	10.92	8.44	4.7
34.50185	3.94	9.35	7.75	5.59	5.55	10.76	10.07	7.27	3.5
34.53003	3.03	8.14	6.72	4.58	4.46	10.23	9.14	6.54	2.67
34.55822	2.4	7.37	6.17	3.68	3.42	10.05	8.34	6.17	2.58
34.5864	1.94	7.3	5.81	2.99	3.16	9.36	8.02	5.91	2.78
34.61459	1.82	7.82	5.69	2.71	3.49	8.34	8.07	5.94	2.85
34.64277	1.72	8.15	5.77	2.59	3.93	8.0	8.08	6.04	2.88
34.67096	1.15	7.63	5.85	2.8	4.2	7.85	7.91	5.84	2.6
34.69914	1.23	7.12	5.79	3.42	4.27	8.26	7.96	6.06	2.03
34.72733	2.25	7.24	5.71	4.12	4.53	8.79	8.18	6.55	2.15
34.75551	3.03	7.42	5.67	4.97	5.16	9.13	8.53	7.08	2.76
34.7837	3.4	7.4	6.21	5.73	6.17	9.67	9.01	7.49	3.61
34.81188	3.46	7.83	6.71	6.76	6.54	10.07	9.31	7.85	4.2
34.84007	4.05	8.96	7.09	7.61	6.54	10.52	10.21	8.31	4.75
34.86825	5.08	9.8	8.01	7.87	7.45	11.38	11.49	9.13	5.85
34.89644	7.09	10.87	10.02	8.78	8.85	12.68	12.63	10.51	7.17
34.92462	9.13	12.53	12.68	10.6	10.11	14.4	14.31	12.14	8.72
34.95281	10.62	13.99	14.35	12.09	10.98	16.18	15.99	13.61	10.07
34.98099	11.18	14.67	15.28	13.28	11.58	16.85	17.38	14.49	10.61
35.00918	10.94	14.99	15.69	13.83	11.94	17.36	17.98	14.11	10.42
35.03736	10.12	14.66	15.72	13.73	12.05	18.2	17.98	13.85	10.34
35.06555	9.2	14.3	15.42	13.85	12.14	18.29	17.93	14.59	10.2
35.09373	8.67	14.22	14.36	13.51	12.5	17.58	18.24	15.0	9.54
35.12192	8.63	14.17	13.25	13.34	12.45	17.99	18.51	15.08	8.83
35.1501	7.97	15.17	13.19	13.21	12.43	18.9	18.37	15.81	9.0
35.17829	8.13	15.99	14.89	13.55	13.01	19.55	18.63	16.56	10.57
35.20647	9.21	17.07	16.12	14.71	13.48	20.42	19.37	17.53	11.06
35.23466	10.3	18.18	16.75	15.6	13.61	22.0	20.97	18.37	11.19
35.26284	11.32	19.45	17.16	16.18	14.52	22.46	21.9	19.21	11.79
35.29103	12.19	21.05	17.7	16.22	15.75	23.47	22.68	20.83	12.41
35.31921	13.27	22.5	19.09	16.69	16.72	24.52	24.04	21.99	13.39
35.3474	15.72	23.51	20.74	18.66	18.18	25.92	25.42	23.52	15.27
35.37558	18.57	24.07	22.66	20.46	19.89	26.79	26.08	24.5	16.96
35.40377	20.47	25.22	24.65	22.1	20.98	27.24	27.3	25.19	18.59
35.43195	22.08	26.82	26.34	23.89	22.17	27.82	28.24	26.43	20.21
35.46014	23.67	28.07	28.08	25.24	23.48	28.66	28.82	27.9	21.83
35.48832	24.61	29.08	29.45	25.76	24.37	29.58	29.48	28.82	22.61
35.51651	24.63	29.33	29.99	25.65	24.4	30.11	30.0	29.0	23.04
35.54469	23.54	28.49	29.29	25.28	24.09	29.59	30.41	28.56	22.86
35.57288	21.86	26.73	27.6	24.56	23.57	28.65	29.76	28.09	21.98
35.60106	19.88	24.26	25.54	23.21	22.97	26.77	28.22	26.66	20.74
35.62925	18.28	21.82	24.02	22.18	22.16	24.48	26.78	25.54	19.96
35.65743	17.35	20.34	23.18	21.53	21.95	23.02	25.37	24.72	19.57
35.68562	17.28	19.85	22.93	21.08	21.88	22.33	24.05	24.2	19.46
35.7138	17.73	19.93	23.06	21.33	21.34	21.87	23.28	24.28	19.86
35.74199	18.0	19.95	23.25	21.86	21.1	21.77	23.27	24.16	20.3
35.77017	17.9	19.7	23.46	22.16	21.33	22.26	23.52	23.4	20.2
35.79836	17.57	19.44	23.58	22.37	21.51	22.87	23.09	22.67	19.99
35.82654	17.36	19.31	23.32	22.44	21.26	23.36	22.88	22.59	20.06
35.85473	17.66	19.47	23.0	22.22	21.06	23.3	23.07	22.81	19.95
35.88291	18.26	20.03	23.3	21.76	21.35	23.06	23.02	22.86	19.56
35.9111	19.0	21.39	24.29	21.64	21.48	23.43	23.2	22.89	19.59
35.93928	20.2	23.18	25.61	22.51	21.37	24.18	23.44	22.96	20.45
35.96747	21.88	24.44	27.02	23.48	21.32	25.04	23.62	23.06	21.24
35.99565	23.14	25.34	28.24	23.58	21.05	25.48	24.08	23.4	21.17
36.02384	23.1	25.72	28.67	23.41	20.61	24.95	24.01	23.92	20.79
36.05202	22.2	24.96	28.11	23.08	20.1	23.7	23.09	23.87	20.1
36.08021	20.4	23.28	26.79	21.92	19.01	22.09	22.28	22.97	19.02
36.10839	17.35	20.86	23.99	19.69	16.89	20.15	21.32	21.58	17.62
36.13658	14.14	17.79	20.61	17.35	14.95	18.32	19.6	19.23	15.17
36.16476	11.88	15.13	17.56	15.23	13.18	16.91	17.6	16.97	12.38
36.19295	10.02	13.14	15.15	12.98	11.66	15.86	15.83	15.09	10.57
36.22113	8.09	12.13	13.33	11.0	10.19	14.69	13.74	13.04	9.05
36.24932	6.46	11.36	11.72	9.71	8.89	13.55	12.39	11.49	7.61
36.2775	5.09	10.29	10.44	8.68	7.71	12.61	11.47	10.64	6.96
36.30569	4.25	9.89	9.45	8.19	7.21	12.37	11.06	10.16	5.85
36.33387	3.73	9.48	8.65	6.92	6.89	11.86	10.35	9.31	5.38
36.36206	3.56	8.54	8.25	6.52	6.41	11.1	9.55	8.98	5.17
36.39024	2.67	8.41	8.17	6.53	6.06	10.77	9.53	8.73	4.71
36.41843	1.72	8.57	7.86	6.38	6.18	10.66	9.68	8.01	3.8
36.44661	1.99	8.77	7.63	6.3	5.58	10.65	9.9	7.91	3.51
36.4748	2.91	9.95	8.14	6.53	4.73	10.86	9.42	8.31	3.54
36.50298	3.61	11.22	8.15	6.31	4.8	11.45	8.77	8.13	3.59
36.53117	2.91	11.65	7.94	5.9	5.48	11.86	9.43	7.98	3.5
36.55935	2.62	11.91	8.25	5.58	5.44	11.99	10.54	8.16	3.69
36.58754	3.07	12.11	8.66	4.95	5.04	12.25	10.46	8.28	3.63
36.61572	3.63	12.35	9.11	4.82	4.51	12.28	10.77	7.91	4.08
36.64391	4.44	13.35	9.25	5.24	4.53	13.03	10.93	8.24	4.81
36.67209	5.1	14.3	9.39	6.09	4.69	14.25	10.76	8.69	5.45
36.70028	5.35	14.92	9.49	6.48	5.22	14.85	10.92	8.59	5.36
36.72846	5.48	15.82	9.89	6.89	6.02	15.33	11.49	8.97	4.99
36.75665	6.06	16.51	10.43	7.04	6.45	16.21	11.96	9.19	5.53
36.78483	6.45	16.5	10.49	7.16	6.3	17.11	12.02	9.77	5.75
36.81302	5.65	15.66	10.3	7.29	6.03	17.35	11.83	10.07	5.54
36.8412	4.76	14.95	10.16	7.68	6.43	16.62	11.65	10.5	5.03
36.86939	4.65	14.51	10.18	7.72	6.45	15.68	11.58	10.17	4.55
36.89757	4.94	14.14	10.28	7.22	5.88	15.19	11.44	9.76	4.94
36.92576	4.96	13.93	10.42	6.77	5.7	14.97	11.25	9.42	5.5
36.95394	4.81	14.25	10.55	6.58	5.89	15.15	11.52	8.89	5.76
36.98213	4.87	14.75	10.54	6.32	5.92	15.63	11.65	8.46	5.77
37.01031	4.79	15.0	10.52	5.76	5.73	15.79	11.34	8.43	5.9
37.0385	4.8	14.56	10.38	5.25	5.38	15.54	11.37	8.34	5.7
37.06668	4.91	13.83	9.79	5.47	5.24	15.23	11.61	8.22	5.24
37.09487	4.95	13.04	8.68	6.28	5.52	14.82	11.19	8.55	5.19
37.12305	4.46	11.86	7.5	6.78	5.86	14.06	10.13	8.62	5.27
37.15124	3.3	10.57	6.97	6.44	6.0	12.82	8.87	8.0	4.89
37.17942	2.69	9.61	7.31	5.77	6.04	11.54	7.99	7.67	4.07
37.20761	2.63	9.1	7.93	5.9	6.18	11.11	8.02	8.15	3.68
37.23579	2.24	8.69	7.78	6.37	6.1	10.94	8.32	8.67	3.84
37.26398	2.02	8.56	7.25	6.41	5.71	10.34	8.57	8.4	4.06
37.29216	2.79	8.83	7.92	6.53	5.92	10.44	9.69	8.06	4.34
37.32035	3.4	9.15	8.71	6.63	6.52	11.11	10.51	8.51	4.84
37.34853	4.04	10.22	9.5	7.21	7.11	11.63	10.51	9.47	5.91
37.37672	4.93	11.42	10.75	8.52	7.9	12.45	10.74	10.74	7.18
37.4049	6.27	13.16	12.03	10.14	9.17	13.82	11.79	11.61	8.25
37.43309	8.31	15.22	13.48	11.68	10.97	15.41	13.36	12.31	9.44
37.46127	10.68	17.09	14.94	13.03	12.11	17.43	15.19	13.18	10.63
37.48946	12.44	18.58	16.57	14.25	13.31	18.98	16.46	14.01	11.98
37.51764	13.87	20.23	18.72	15.43	14.52	20.27	17.27	15.47	13.14
37.54583	14.73	21.84	19.49	16.15	14.98	21.45	18.02	16.55	13.81
37.57401	15.23	22.55	19.58	16.88	14.97	22.67	19.36	16.71	14.64
37.6022	15.27	23.24	20.6	17.56	15.74	24.51	20.81	17.91	15.43
37.63038	15.99	25.5	21.43	18.55	16.92	26.56	22.07	19.8	16.86
37.65857	17.99	28.36	23.89	20.62	18.44	29.11	23.41	22.15	18.72
37.68675	21.62	30.95	27.75	24.11	20.98	32.66	26.41	24.86	21.52
37.71494	26.38	34.49	32.23	28.42	25.06	36.69	30.9	28.16	25.29
37.74312	31.53	39.33	37.61	33.25	30.29	41.46	36.54	32.77	30.76
37.77131	38.08	45.85	44.92	40.22	37.38	47.46	43.4	39.87	37.82
37.79949	46.9	53.64	54.3	49.08	46.37	54.17	52.24	49.28	45.77
37.82768	58.07	63.64	64.75	59.72	57.17	63.14	63.89	59.64	55.8
37.85586	71.03	76.2	77.04	71.69	70.02	75.09	77.45	72.51	67.97
37.88405	85.19	90.39	91.37	85.31	85.06	88.77	93.05	87.63	81.99
37.91223	100.82	105.64	106.02	100.46	101.73	103.78	109.34	103.87	96.95
37.94042	116.21	121.31	120.18	115.3	117.87	118.62	124.79	120.33	111.48
37.9686	128.72	134.83	131.83	127.42	131.03	131.72	136.93	133.84	123.88
37.99679	136.46	143.58	139.46	135.74	139.97	141.25	143.83	141.89	132.97
38.02497	138.43	146.81	142.32	139.42	142.97	145.42	144.89	143.64	136.73
38.05316	134.73	144.11	139.29	137.23	139.4	144.23	140.31	138.88	134.76
38.08134	126.1	135.98	130.89	129.88	130.68	138.62	130.67	129.08	127.42
38.10953	113.83	124.45	119.03	118.92	118.21	129.46	117.55	116.06	115.8
38.13771	100.15	111.78	105.08	105.73	103.46	117.82	103.44	101.76	102.39
38.1659	86.51	98.95	91.03	91.86	88.28	105.06	89.62	87.71	88.76
38.19408	73.67	85.98	78.29	78.34	74.17	92.56	76.79	74.45	75.43
38.22227	62.34	73.91	66.73	66.24	61.98	81.19	66.23	62.99	63.03
38.25045	51.75	63.83	56.81	56.3	51.54	71.35	57.78	53.54	51.74
38.27864	41.89	55.35	48.38	48.27	42.65	63.15	50.79	45.67	41.83
38.30682	33.72	47.64	41.36	41.87	35.21	55.81	45.27	39.36	33.79
38.33501	26.97	40.5	35.44	36.52	29.29	49.22	40.96	34.28	27.48
38.36319	21.32	34.35	31.01	31.62	24.7	43.24	37.55	30.64	22.19
38.39138	16.8	29.45	27.57	27.08	21.13	38.79	34.91	27.93	17.09
38.41956	13.75	26.04	24.56	23.19	17.97	35.55	32.92	25.38	13.24
38.44775	10.41	23.22	22.09	20.64	15.74	32.47	31.39	23.04	10.55
38.47593	7.57	20.97	19.57	18.72	13.19	29.85	29.85	20.8	8.07
38.50412	5.94	18.98	17.23	16.32	10.63	29.06	28.25	19.5	5.82
38.5323	4.42	17.74	14.92	13.68	9.23	28.37	26.27	17.88	4.84
38.56049	2.4	16.53	12.53	10.93	7.95	26.62	23.92	16.28	3.74
38.58867	1.42	15.52	10.81	9.22	7.2	24.73	21.41	15.35	3.26
38.61686	1.58	15.31	10.14	8.97	6.11	23.46	19.86	14.52	3.36
38.64504	1.5	15.86	9.89	7.84	5.36	23.44	18.03	13.34	3.15
38.67323	2.06	16.87	10.49	6.81	5.85	23.44	16.86	12.11	2.87
38.70141	3.81	18.08	10.77	7.21	6.39	23.71	16.38	11.78	3.31
38.7296	5.15	18.0	10.86	8.02	6.49	23.02	15.8	11.99	4.28
38.75778	6.35	16.94	10.98	8.95	6.88	22.0	15.78	12.28	5.15
38.78597	6.85	15.31	11.35	9.74	7.53	20.16	15.82	12.89	6.12
38.81415	7.96	14.13	12.85	11.51	9.08	18.53	15.08	14.24	7.58
38.84234	10.46	15.38	15.03	13.35	11.39	18.55	15.23	15.49	9.96
38.87052	13.79	17.66	17.77	14.69	13.65	19.37	16.28	17.06	12.77
38.89871	17.54	20.82	20.66	16.13	15.5	20.94	17.68	18.89	16.04
38.92689	21.09	25.3	23.38	18.74	16.9	23.5	19.52	20.73	18.66
38.95508	24.74	30.5	26.27	20.96	17.58	26.38	21.42	22.48	19.8
38.98326	26.64	34.97	28.49	21.96	17.58	28.94	23.29	23.57	19.72
39.01145	25.58	36.92	28.87	21.5	17.15	30.82	24.38	24.06	19.09
39.03963	22.02	34.97	26.64	19.15	15.94	30.39	23.59	23.28	17.58
39.06782	16.99	29.3	22.23	15.63	13.73	27.13	20.81	20.51	14.34
39.096	11.64	22.17	17.12	12.25	11.09	22.7	17.27	16.68	10.23
39.12419	7.27	16.39	12.75	9.27	8.67	18.53	14.25	12.98	6.98
39.15237	4.91	12.54	9.99	6.88	6.99	15.49	12.13	9.96	5.05
39.18056	4.02	9.77	8.78	5.89	6.36	13.79	11.15	8.45	4.1
39.20874	3.58	8.56	8.62	5.95	6.57	12.74	11.01	8.83	3.83
39.23693	3.56	8.91	8.97	6.67	7.35	12.15	11.17	9.88	4.56
39.26511	4.95	9.78	9.98	8.33	8.57	12.2	11.5	10.37	5.79
39.2933	7.39	10.41	11.16	10.36	10.04	13.17	12.33	11.55	7.3
39.32148	9.88	12.11	12.93	12.12	11.72	14.3	14.09	13.13	9.57
39.34967	12.11	14.9	15.51	13.98	13.25	15.56	16.09	15.12	11.81
39.37785	14.85	17.58	18.29	16.86	15.12	17.34	18.31	16.85	13.79
39.40604	17.33	19.5	21.19	18.21	17.45	19.09	20.37	18.55	15.35
39.43422	19.34	20.16	23.55	19.46	19.0	20.01	22.35	20.82	16.65
39.46241	19.43	20.91	24.45	20.94	20.59	21.59	23.88	22.44	17.68
39.49059	18.35	22.11	23.93	21.43	21.15	22.6	25.24	22.9	17.45
39.51878	17.84	21.86	22.5	20.97	21.6	22.06	25.45	23.08	17.22
39.54696	17.19	21.12	20.82	20.06	22.04	22.17	25.52	23.37	16.61
39.57515	16.83	21.0	20.63	19.78	21.8	21.98	25.18	23.37	16.62
39.60333	15.87	21.12	20.71	19.18	21.39	22.29	24.65	22.83	16.3
39.63152	15.32	20.71	20.52	18.23	20.99	22.06	23.89	22.49	16.15
39.6597	15.89	20.58	20.35	18.47	21.13	22.07	23.7	22.52	16.79
39.68789	17.0	20.41	20.61	19.32	21.99	22.71	24.03	23.02	17.64
39.71607	18.04	20.85	21.13	20.33	22.56	23.94	24.85	23.63	18.46
39.74426	19.86	23.51	22.39	21.94	22.81	26.17	26.31	24.01	19.44
39.77244	22.2	27.23	24.47	23.33	23.28	28.82	27.32	24.56	20.7
39.80063	24.49	30.29	26.96	24.62	24.45	31.28	28.34	25.73	22.33
39.82881	26.67	33.21	29.15	26.14	26.37	33.26	29.89	27.17	24.34
39.857	28.4	35.97	30.91	27.82	28.55	35.23	31.46	29.14	26.52
39.88518	29.87	37.56	32.99	29.92	30.68	37.82	33.17	31.53	28.76
39.91337	31.66	38.28	35.3	32.8	33.19	40.69	35.59	33.88	31.38
39.94155	34.45	39.44	37.77	36.23	36.49	43.32	38.63	36.85	34.8
39.96974	38.38	42.13	41.1	40.27	40.67	45.99	42.32	40.7	39.17
39.99792	43.07	46.37	45.57	45.21	45.85	49.35	46.92	44.76	44.21
40.02611	49.0	51.57	51.29	50.82	52.15	54.23	52.59	49.87	49.92
40.05429	56.55	58.13	58.68	57.76	59.58	60.81	59.95	57.08	57.07
40.08248	65.61	66.3	67.81	66.67	68.03	68.64	69.0	66.04	65.81
40.11066	76.03	75.84	78.26	76.72	77.54	78.3	79.24	76.66	75.67
40.13885	87.2	87.29	89.43	88.03	88.49	89.14	90.54	87.76	85.25
40.16703	99.03	99.48	101.26	100.15	100.4	100.52	102.74	99.9	95.84
40.19522	110.71	111.59	113.37	112.02	111.86	112.4	115.42	112.88	106.83
40.2234	121.21	124.33	125.42	123.13	123.17	122.93	127.73	125.12	117.0
40.25159	130.43	134.53	135.48	131.89	134.29	132.54	137.93	135.64	125.89
40.27977	137.3	141.21	142.32	137.38	142.25	139.56	145.2	142.75	132.21
40.30796	140.85	144.62	146.41	141.47	145.51	143.08	148.03	145.98	135.99
40.33614	140.7	143.64	145.11	140.96	144.47	141.8	145.29	144.56	136.76
40.36433	136.78	139.79	139.94	137.28	139.43	138.34	138.75	138.36	133.17
40.39251	129.88	132.66	132.78	129.82	131.02	131.33	129.62	128.9	125.89
40.4207	120.32	122.69	123.15	119.45	119.66	121.68	118.27	116.86	116.0
40.44888	108.39	111.2	111.64	108.28	106.82	110.85	106.49	104.13	104.96
40.47707	96.2	98.38	99.13	96.37	93.1	99.13	93.72	91.19	93.21
40.50525	84.43	86.03	86.82	84.5	80.71	88.06	80.99	79.31	81.47
40.53344	73.23	74.82	75.54	73.08	69.94	78.01	69.71	68.42	70.87
40.56162	62.99	65.11	65.35	63.33	60.25	69.12	60.77	59.15	61.29
40.58981	54.12	57.06	56.39	54.96	51.54	60.74	52.87	51.19	52.51
40.61799	46.74	50.71	49.14	47.69	44.38	53.29	45.82	44.25	45.59
40.64618	40.91	45.61	43.58	41.64	38.41	47.34	40.39	38.68	39.68
40.67436	36.71	41.49	39.05	36.71	33.47	42.65	36.37	34.14	34.27
40.70255	33.31	37.88	35.07	32.73	29.42	39.02	32.91	30.0	29.98
40.73073	29.77	34.58	31.76	29.41	25.77	36.0	29.77	26.52	26.57
40.75892	26.19	31.54	28.83	26.02	22.28	33.03	27.13	23.55	23.05
40.7871	22.73	28.45	25.8	22.48	19.13	29.83	24.72	20.75	19.56
40.81529	19.64	25.07	22.86	19.26	16.5	26.37	22.12	18.49	16.94
40.84347	16.91	21.42	20.22	16.47	14.23	22.95	19.12	16.58	14.97
40.87166	13.95	18.28	17.77	14.59	12.2	19.89	16.01	14.85	13.05
40.89984	11.84	16.31	15.32	13.02	10.52	17.51	14.04	13.35	10.58
40.92803	10.32	14.98	13.16	11.03	9.25	15.86	12.88	11.8	7.93
40.95621	8.54	13.81	11.28	8.79	8.03	14.67	11.96	10.35	6.67
40.9844	7.34	12.56	10.04	7.76	7.54	13.61	11.13	9.19	6.72
41.01258	6.98	10.34	9.27	7.38	6.97	12.66	10.28	8.22	6.08
41.04077	7.07	9.0	9.03	6.5	5.95	11.95	9.86	7.42	4.89
41.06895	6.91	9.18	9.16	6.16	5.42	11.64	9.15	7.55	4.07
41.09714	6.39	8.96	8.63	6.03	5.32	11.12	8.24	6.97	3.57
41.12532	6.49	9.04	8.02	6.59	4.92	10.31	8.46	6.24	3.38
41.15351	6.47	9.83	8.18	7.02	4.53	10.04	8.39	6.41	2.98
41.18169	6.55	9.53	8.37	6.71	4.32	10.32	8.37	6.47	3.48
41.20988	6.85	9.66	8.34	5.95	3.82	10.43	8.2	6.16	4.14
41.23806	7.06	10.22	8.04	5.6	3.33	10.49	8.53	5.75	3.7
41.26625	7.2	9.25	8.29	5.72	2.75	10.23	8.62	5.96	2.93
41.29443	6.88	8.29	8.7	5.26	2.23	9.79	7.88	5.45	2.54
41.32262	6.16	7.93	8.85	4.54	1.84	9.51	7.11	5.01	2.16
41.3508	5.62	7.14	8.56	4.38	1.16	8.84	6.44	4.77	1.96
41.37899	4.95	6.57	8.3	4.2	0.58	8.2	5.92	4.42	1.54
41.40717	4.15	6.57	8.07	3.5	0.42	7.81	5.61	4.11	1.17
41.43536	3.36	6.71	7.82	3.26	0.4	7.3	5.38	3.71	1.19
41.46354	2.83	6.48	7.33	3.51	0.68	7.0	5.09	3.18	0.87
41.49173	2.78	6.18	6.78	3.36	1.19	6.99	4.99	2.72	0.0
41.51991	2.73	6.38	6.69	3.05	1.48	6.73	5.06	2.51	0.0
41.5481	2.58	6.38	7.17	3.16	1.55	6.55	5.14	2.88	0.0
41.57628	2.8	5.64	7.6	3.49	1.34	7.02	5.28	3.83	0.0
41.60447	3.24	5.34	7.35	4.03	0.94	7.4	5.26	4.65	0.59
41.63265	4.0	6.03	7.23	4.82	1.38	7.14	5.62	5.11	1.41
41.66084	4.55	6.97	7.34	5.14	3.03	7.3	6.07	5.83	1.73
41.68902	4.86	7.65	7.56	5.29	3.83	8.14	6.44	6.24	1.79
41.71721	5.53	8.42	8.65	5.96	3.71	9.22	6.64	6.2	2.84
41.74539	5.85	9.32	10.03	6.4	3.82	9.68	6.64	6.2	3.76
41.77358	6.34	10.94	10.7	6.56	4.25	9.17	7.74	6.9	3.84
41.80176	6.95	11.95	11.29	6.55	4.7	9.38	8.8	6.88	3.65
41.82995	6.32	11.42	10.55	5.98	4.73	9.86	8.66	6.55	3.27
